from	to
3306	P_3306_2
3306	P_3306_1
3306	5245
3306	200150
3306	5981
22933	P_22933
22933	7528
79726	22909
79726	2739
5245	P_5245_5
5245	105
5245	P_5245_4
5245	P_5245_3
5245	P_5245_2
5245	P_5245_1
5245	1500
5245	9760
9679	55096
9679	25861
63895	1774
4047	51538
22909	440349
2739	P_2739_2
2739	P_2739_1
2739	4711
2739	388695
2739	5201
2739	54859
105	3208
105	5166
P_5245_1	9912
P_5245_1	3006
P_5245_1	25960
P_5245_1	P_6193
274	400242
274	P_274_2
274	P_274_1
274	4650
274	91373
274	203562
55096	9767
25861	24141
25861	5150
58526	10507
440349	4882
P_2739_1	5147
4711	6647
4711	4831
54859	84135
3208	57595
3208	389599
3208	2596
5166	2289
5166	10817
5166	686
5166	11257
9912	22865
9912	81706
3006	51201
400242	81894
400242	10491
400242	9654
400242	53358
4650	6696
4650	55902
4650	57060
9767	pro_EPB49_TSLPHFHHPETSRPDSNIYK
1620	10368
1620	57084
5150	643169
10507	6457
6647	P_6647_2
6647	P_6647_1
2596	27236
2596	23478
2596	1287
2596	27020
2596	P_2596_4
2596	P_2596_3
2596	P_2596_2
2596	P_2596_1
2596	56934
2596	5696
2596	8402
2596	3356
11257	64802
22865	10605
22865	400948
81706	6574
81706	84968
81706	143162
3638	118424
3638	84295
3638	27316
10491	P_3240
10491	11269
55902	3300
57060	64983
57060	8661
57060	7936
57060	126119
10368	29946
10368	5799
10368	9282
643169	202020
6457	521
6457	11141
2171	54432
1287	23271
1287	4646
1287	8536
27020	P_27020
56934	285368
56934	1871
56934	652377
5696	51056
8402	P_8402_5
8402	P_8402_4
8402	P_8402_3
8402	P_8402_2
8402	56942
8402	P_8402_1
8402	P_8402_6
3356	23466
3356	284325
3356	950
6574	80206
6574	55061
84968	2512
84968	5245
143162	94160
5037	P_5037_7
5037	P_5037_6
5037	P_5037_5
5037	P_5037_4
5037	P_5037_3
5037	P_5037_2
5037	P_5037_1
2002	90806
4598	22863
P_3240	6525
11269	27238
3300	83590
3300	56997
9282	6327
202020	57162
521	P_521
521	203069
55818	10744
55818	26502
647673	57496
10981	387882
10981	22874
2124	55251
114908	928
114908	79776
23271	5295
4646	27125
8536	10197
8536	89891
1871	9921
652377	2193
652377	2583
652377	4861
51056	2790
P_8402_3	P_7070_3
P_8402_2	pro_ATP6_HUMAN_LITTQQWLIK
23466	3416
23466	5051
950	9528
950	2890
80206	334
55061	151790
2512	P_2512
2512	140831
2512	84236
2512	113452
94160	2119
94160	627
94160	84894
94160	6804
94160	83988
P_5037_5	P_1808_4
P_5037_5	P_1152_13
P_5037_3	P_2782_5
P_5037_3	P_1312
P_5037_3	P_226_2
6525	648149
83590	285053
83590	10565
83590	6472
90639	5256
90639	91039
90639	P_5577
57162	163859
57162	57498
57162	8227
57162	80209
57692	129049
57496	151473
387882	51284
928	7355
928	P_928_2
928	53371
928	P_928_1
79776	7419
27125	23353
9921	4173
9921	51154
2193	26502
4861	1325
P_7070_3	P_7070_1
pro_ATP6_HUMAN_LITTQQWLIK	pro_ADT3_HUMAN_DFLAGGIAAAISK
2890	83666
2890	10079
334	9991
151790	51390
P_2512	967
2119	8864
2119	1848
2119	124044
627	80727
84894	65989
84894	4826
84894	9677
6804	643310
6804	P_6804
83988	P_83988
P_2782_5	P_7534_2
P_1312	P_226_10
P_226_2	P_7167_9
P_226_2	P_140885_4
648149	643831
285053	347544
285053	388720
285053	644039
10565	6164
6472	10424
5256	8019
91039	4761
91039	9612
91039	26205
91039	2788
91039	64783
91039	6601
91039	7704
163859	9889
3093	27154
151473	6310
51284	64805
730358	79745
7355	55924
P_928_2	P_28976
P_928_2	P_476_15
7419	P_7419_2
7419	P_7419_1
51154	5782
51154	10749
1325	10189
P_7070_1	P_7070_2
pro_ADT3_HUMAN_DFLAGGIAAAISK	P_78991
83666	5696
83666	10346
83666	6890
83666	10379
10079	219402
1848	5354
124044	301
124044	9031
80727	146206
65989	10912
65989	784
65989	900
65989	222229
65989	57574
65989	2912
9677	51574
27300	148304
643310	51065
643310	85236
P_6804	2790
P_7534_2	P_2782_4
347544	388654
347544	642250
388720	6217
644039	9349
644039	112611
6164	3485
10424	55589
10424	329
10424	200845
8019	4520
8019	1973
9612	5986
9612	53353
9612	23523
9612	124930
26205	8106
64783	6789
64783	1995
1737	P_1737_1
1737	P_1737_3
1737	P_1737_2
2353	90268
2353	5832
2353	286410
2353	26205
2353	25949
2353	10988
2353	6583
2353	114794
2353	23271
139818	11183
4082	8655
79745	29952
79745	54664
79745	27252
79745	8491
79745	85406
P_28976	P_529
P_7419_2	P_7417_4
P_7419_2	P_515_1
P_7419_2	P_7417_3
P_7419_2	P_7416_6
P_7419_2	P_7416_1
P_7419_2	P_7417_6
10749	4357
P_7070_2	118881
10346	54915
10346	1030
10346	5925
10346	11309
6890	10629
10379	4940
5354	P_5354_1
5354	9846
5354	P_5354_6
5354	P_5354_5
5354	56650
5354	P_5354_4
5354	P_5354_3
5354	P_5354_2
301	9122
301	55084
146206	23332
146206	5763
25976	2827
25976	2308
25976	11212
784	8507
57574	23467
57574	10683
57574	404217
51065	57117
85236	8992
85236	221710
P_2782_4	3275
P_2782_4	P_7167_10
642250	644029
6217	5887
6217	8720
6217	441876
6217	6205
9349	5931
55589	4094
329	9559
329	214
200845	P_6285_2
200845	1632
1973	2908
1973	54458
1973	7803
1973	51056
5986	10609
5986	23293
23523	164
23523	26284
8106	8233
467	6627
467	3714
467	6305
467	23304
467	3068
467	4783
467	126129
467	677
467	6748
467	55840
467	1960
467	6809
467	10906
467	23351
467	112483
467	23381
467	115361
467	6603
467	7102
467	55187
467	2098
467	6506
467	23180
467	65110
467	6500
467	8945
467	388654
467	400120
467	P_118_2
467	6788
467	257106
467	5996
286410	6774
286410	3707
286410	8895
286410	64172
286410	90
10988	56603
8655	P_8655
29952	1384
54664	10014
8491	137392
8491	652458
P_7417_3	P_84064
P_7416_1	P_7416_5
P_7417_6	pro_COX7R_HUMAN_LAGAWASEAYSPQGLKPVVSTEAPPIIFATPTK
4357	144100
4357	10362
1030	535
10629	83985
P_5354_1	P_4155_4
P_5354_1	P_490_6
P_5354_1	P_1267_9
P_5354_1	P_5354_4
9846	51125
P_5354_6	P_1267_6
P_5354_6	P_5354_1
P_5354_6	P_1267_11
P_5354_5	P_5354_2
P_5354_5	P_1267_8
P_5354_5	P_4191_4
P_5354_5	P_4155_2
P_5354_5	P_8506
P_5354_5	P_4340_1
P_5354_5	P_2664_4
P_5354_5	P_4905_6
P_5354_5	P_5354_4
56650	666
56650	7018
56650	10397
56650	54443
P_5354_4	P_4155_1
P_5354_4	P_1267_9
P_5354_3	P_1267_2
P_5354_3	P_4155_3
P_5354_3	P_5354_6
P_5354_3	P_93377
P_5354_3	P_5354_5
P_5354_3	P_4340_2
P_5354_2	P_4741_7
P_5354_2	P_4191_5
6281	391656
6281	25864
6281	55605
6281	P_525_2
6281	26509
23332	80196
5763	7016
5763	25946
5763	222962
4501	63933
4501	283951
8507	8536
8507	9915
23467	8448
58513	P_58513
6543	P_6543_2
6543	P_6543_1
404217	84464
404217	54550
404217	149473
57117	79685
8992	26610
P_7167_10	5330
644029	388474
5887	80021
5887	55486
8720	80206
441876	54806
441876	440927
214	23111
54458	8295
54458	81857
7803	689
164	11043
164	7776
164	57544
164	8446
164	54505
164	250
164	158345
164	905
164	29979
164	54923
164	6873
164	57187
6627	9055
1843	5095
1843	10370
1522	10695
23304	55603
3068	6542
4783	23516
126129	51207
126129	64753
126129	84861
126129	548596
126129	51283
677	402057
55840	171546
129804	23504
22929	987
1960	10097
1960	79152
1960	115861
6809	114569
10906	1201
23351	81844
112483	55188
1316	333
1316	91768
1316	1778
1316	54922
1316	26508
1316	51031
5209	604
2098	P_2098_2
2098	P_2098_1
2098	23708
2098	P_2098_3
6506	P_6506_5
6506	P_6506_4
6506	P_6506_3
6506	P_6506_2
6506	P_6506_1
65110	5147
8780	23360
400120	84280
6788	387
6788	4515
6788	84081
6788	8500
5996	83657
5996	116092
6774	10162
6774	56999
6774	1942
3707	5364
3707	51239
3707	114902
8895	63931
8895	27079
8895	1809
113451	10009
1384	84330
137392	3795
137392	8727
652458	143684
27327	728653
535	P_535_3
535	P_535_2
535	P_535_1
535	1917
P_490_6	P_1778_2
51125	343450
51125	29800
51125	118611
51125	28513
51125	5137
51125	23542
P_1267_11	P_3032
P_1267_11	P_4741_5
P_1267_11	P_1267_2
P_1267_11	pro_PKM2_GDYPLEAVR
P_1267_11	P_4340_2
P_1267_11	P_4340_1
P_1267_11	P_1267_8
P_1267_11	P_928_1
P_1267_8	P_1410_4
P_1267_8	P_1267_2
P_1267_8	P_5860_1
P_4191_4	P_23157_1
P_4155_2	P_1267_6
P_4155_2	8161
P_4155_2	pro_PKM2_GDYPLEAVR
P_4155_2	P_5019_1
P_8506	P_6252_2
P_4340_1	P_5354_1
P_4340_1	P_4131_8
P_4340_1	P_873_4
666	9601
666	8706
666	84915
666	55819
7018	3728
7018	55624
7018	1028
7018	6319
7018	P_7018_4
7018	P_7018_3
7018	P_7018_2
7018	P_7018_1
10397	93145
54443	5638
54443	3433
54443	149473
P_4155_1	P_10972
P_4155_1	P_10694
P_4155_1	51700
P_1267_2	P_928_2
P_4155_3	P_1267_5
P_4155_3	P_4741_6
P_4155_3	P_2664_4
P_4155_3	P_4099_1
P_4155_3	P_5860_3
P_4155_3	P_3306_2
P_4155_3	P_1267_13
P_93377	P_4099_3
P_4340_2	P_6853_2
P_4741_7	P_7417_8
391656	6206
158747	56924
26509	7045
26509	4091
26509	6237
26509	3710
7016	51692
222962	402509
222962	22858
63933	29948
63933	51389
283951	10923
8448	55800
8448	55667
8448	3423
8448	57526
P_58513	P_7301
54550	2922
54550	11151
54550	64218
5330	54939
55486	6945
55486	6491
55486	64860
55486	79873
55486	23126
440589	6193
6188	29082
440927	81849
23111	26065
23111	1854
23111	63979
23111	550
23111	91833
689	80209
7776	652615
7776	55795
57544	4204
250	2825
158345	10845
905	4613
905	54726
6873	3329
6873	22835
57187	23352
10695	730534
55603	122786
55603	2651
6542	2308
51207	9647
64753	27124
84861	54938
84861	21
84861	80895
84861	29944
84861	10570
548596	6508
548596	4141
402057	5204
50856	2931
23504	P_23504
114569	114789
114569	54627
114569	2898
1201	10826
81844	28999
55188	2706
55188	8723
55188	26504
55188	79192
55188	154881
55188	29920
55188	8192
55188	140809
333	2913
91768	10804
91768	23212
91768	7205
91768	3015
91768	7779
91768	1666
1778	P_1778_6
1778	P_1778_5
1778	2801
1778	P_1778_4
1778	P_1778_3
1778	P_1778_2
1778	P_1778_1
1778	55269
26508	2059
51031	22928
51031	84364
51031	P_51031
604	650369
604	1523
604	54541
604	23764
604	169792
604	8812
604	4792
604	694
604	4718
P_6506_5	P_6506_3
P_6506_2	P_6506_5
P_6506_2	P_6506_1
P_6506_1	P_6506_5
23360	4820
23360	6430
84280	134957
5277	11238
5277	10466
387	P_387
387	1996
4515	5591
8500	2976
8500	22929
83657	151790
83657	284370
83657	55937
56999	23516
56999	8460
56999	55264
1942	51076
1942	11067
5364	23095
5364	10994
5364	92999
5364	127428
5364	388115
51239	6307
51239	284656
1809	P_1809
3394	85236
8727	84079
143684	1892
P_535_2	P_4048
1917	P_1917
1917	114804
P_1778_2	P_6717_1
P_1778_2	5167
118611	143884
118611	9897
118611	79095
118611	7442
28513	1660
28513	6422
23542	374875
P_873_4	P_226_3
P_873_4	P_760_1
8706	40
8706	51123
84915	55421
84915	22998
84915	P_7143_2
84915	80345
84915	23149
55819	84872
55819	10300
3728	51474
3728	9472
55624	10318
55624	116448
6319	55502
P_7018_3	P_7143_6
3920	6938
5638	9662
3433	9839
P_10694	P_4741_7
P_10694	P_3897
51700	91752
51700	4598
P_1267_5	P_54205_2
P_1267_5	P_4099_3
P_1267_5	P_1410_1
P_1267_5	P_1267_1
P_1267_5	P_4340_2
P_4741_6	P_4741_4
P_4741_6	P_9118_9
P_4741_6	P_4744_1
P_4741_6	P_9118_5
P_5860_3	P_5860_4
P_1267_13	P_1267_12
P_1267_13	P_4099_2
P_4099_3	pro_TUBB4_INVYYNEATGGNYVPR
P_4099_3	P_4155_1
6206	646531
6206	28513
5629	11039
7045	9332
7045	302
4091	64285
6237	3397
3710	301
22858	8291
22858	5520
51389	91582
51389	6810
55800	11311
55800	6895
55800	29799
55667	1454
3423	P_213_9
57526	220164
2922	6497
11151	P_11151
64218	10522
9590	P_9590
441034	4736
6491	4150
23126	401218
6193	6209
6193	P_6193
81849	389435
441246	6155
441246	346950
550	7464
91833	8544
91833	3344
91833	10625
91833	377
91833	154043
652615	51309
2825	22993
2825	25764
10845	64083
54726	79745
54726	375484
54726	27125
54726	23065
54726	84159
3329	P_3329_9
3329	P_3329_8
3329	P_3329_7
3329	P_3329_6
3329	P_3329_5
3329	P_3329_4
3329	P_3329_3
3329	P_3329_2
3329	P_3329_1
3329	51186
3329	6715
3329	7181
3586	5701
57001	54820
57001	51501
54811	7707
54811	58499
54811	23506
23352	P_23352
5550	P_5550
5550	4135
5550	4515
730534	3550
730534	10897
730534	8574
9647	55527
9647	79714
27124	7319
27124	8045
29944	26471
29944	80755
29944	9848
29944	51154
29944	50632
29944	7358
29944	64756
10570	P_10570
1159	P_1159_4
1159	P_1159_3
1159	P_1159_2
1159	P_1159_1
1159	3665
1159	P_1159_7
1159	P_1159_6
1159	P_1159_5
1654	26224
114789	5682
10826	127687
28999	401303
2706	6443
2706	3953
2706	5730
2706	2762
2706	1381
2706	55244
8723	55133
8723	6428
8723	23235
8723	58487
26504	84955
26504	169714
26504	6747
26504	55163
154881	961
29920	4259
7205	57153
7205	10791
7205	2064
7205	30008
7205	5360
7205	23541
7205	1376
7205	64072
7205	183
3015	3621
P_1778_4	P_2768
P_1778_3	P_3418_1
2059	55217
22928	6018
P_51031	4124
P_51031	P_56474
650369	4067
1523	3720
54541	5501
8812	731314
8812	9766
8812	51128
8812	7994
694	5094
4718	644935
134957	9338
134957	57689
134957	8624
134957	80823
134957	54058
11238	7574
1996	54765
1996	8550
8460	5627
11067	4708
10994	653381
10994	9265
92999	4176
92999	22846
127428	58505
84079	4734
1892	P_1892_2
1892	P_1892_1
114804	2254
114804	26092
143884	255252
143884	2185
79095	8079
7442	5864
1660	10935
55858	54617
6422	1398
6422	1155
6422	22879
6422	8555
6422	2065
6422	90362
6422	8301
6422	119392
6422	83700
55421	P_55421
80345	8537
23149	94104
84872	4296
84872	9735
10300	29903
10300	8985
10300	54707
10300	131408
10300	29
51474	55741
9472	54386
9472	5738
116448	5364
116448	10215
P_7143_6	P_9927_1
6938	11177
6938	8208
6938	84191
6938	84129
6938	1573
6938	3421
6938	3977
6938	23646
6938	5090
6938	7073
6938	80331
6938	7514
6938	4090
9839	23242
9839	120526
9839	23258
9839	9915
P_3897	P_5576
P_3897	3149
91752	57403
P_1410_1	pro_TTC9A_HUMAN_GQVGAAAEPAELIR
P_1410_1	P_11240_1
P_1267_1	P_1267_12
P_1267_1	P_873_6
P_9118_5	P_6853_3
P_9118_5	P_4747_7
P_9118_5	P_3069
P_5860_4	P_5414_2
P_1267_12	P_60484_1
P_1267_12	P_1267_4
P_1267_12	P_506_9
P_1267_12	P_4747_10
P_1267_12	P_5860_2
P_1267_12	P_5354_3
P_1267_12	P_1267_8
P_1267_12	P_1267_7
pro_TUBB4_INVYYNEATGGNYVPR	pro_TUBB4_MAATFIGNSTAIQELFK
646531	389289
646531	4089
646531	284131
404093	473
11039	55732
11039	728499
11039	54207
11039	728411
302	49854
64285	10548
3397	P_4726
91582	10899
29799	10766
4736	254863
401218	1153
401218	10869
6209	440733
6209	26071
6209	6125
389435	285053
389435	731096
389435	2512
389435	6171
7464	25878
7464	5371
7464	280636
3344	4756
10625	79571
10625	55709
377	79068
377	22820
154043	4790
154043	10617
154043	399694
51309	650339
51309	65062
51309	6015
25764	7620
25764	339879
25764	6693
25764	54756
25764	9966
25764	7516
25764	8930
25764	1138
64083	57631
23417	6666
23065	10109
84159	10919
84159	284370
P_3329_8	4582
P_3329_2	P_539_1
P_3329_2	P_80781
P_3329_2	P_6812_3
P_3329_2	pro_H2A1_HUMAN_NDEELNK
51186	5884
6715	22986
6715	10397
5701	23582
54820	11182
54820	4792
51501	51013
51501	515
2287	64840
7707	5610
58499	740
58499	10771
23335	2071
23335	2135
4135	P_4135_3
4135	P_4135_2
4135	P_4135_1
4135	284129
3550	1368
3550	1381
10897	96764
8574	29085
55527	4660
8045	89796
80755	6499
9848	10939
50632	5613
50632	652730
50632	6584
50632	80896
50632	115265
50632	56987
50632	57576
64756	2563
64756	56341
P_10570	P_4191_10
P_10570	P_2806_4
P_1159_4	P_63827_5
P_1159_4	80764
3665	3489
81887	7342
29980	7756
5920	6302
5920	83605
3953	56901
5730	P_5730_2
5730	P_5730_1
2762	3489
2762	23213
2762	23394
2762	150094
2762	7123
2762	445
2762	1382
2762	114984
1381	7045
1381	3489
1381	7412
1381	23247
1381	4739
1381	1832
1381	8654
55244	29952
55244	7543
55244	11273
6428	78994
6428	112858
23235	9170
23235	221476
58487	27111
4259	P_4259
57153	55890
57153	84706
57153	220074
57153	27147
57153	84986
10791	389
10791	716
2064	4343
2064	4192
2064	2184
30008	5625
30008	9185
5360	63901
5360	65975
5360	7078
5360	55198
23541	51373
23541	5333
64072	162979
183	5348
183	95
183	83657
183	10628
183	118491
3621	10384
4124	651309
4124	9044
4124	29
P_56474	388662
P_56474	414
P_56474	25878
P_56474	23379
P_56474	P_2597_7
P_56474	9654
4067	341457
4067	650
29107	169792
29107	56647
3720	6257
8517	55096
5501	4303
5501	5753
5501	57117
2532	56980
2532	645385
51128	51315
51128	3329
51128	865
51128	26009
7994	22998
7994	65260
7994	4133
7994	1428
5094	P_5094_2
5094	P_5094_1
9338	113444
57689	113829
8624	5685
80823	3914
80823	5080
55214	283212
85360	64135
2745	10379
5880	6280
444	pro_HNRPA2B1_GGGGNFGPGPGSNFR
4708	51081
4176	112869
4176	80829
22846	80205
2254	7139
2254	1040
2254	6423
2254	11147
255252	29907
2185	11104
5864	P_5864_3
5864	P_5864_2
5864	P_5864_1
10935	5878
10935	51506
10935	P_10935_3
10935	P_10935_2
10935	P_10935_1
10935	23039
8555	1627
8555	25932
2065	80772
8301	P_8301
119392	51028
119392	26259
119392	55829
83700	4296
83700	10165
8537	51073
8537	340533
94104	196528
94104	143684
4296	128869
4296	5594
29903	65078
8985	84307
8985	24146
8985	113878
131408	57819
29	P_29
29	85352
10015	51545
54386	103910
54386	10367
5738	11122
5738	63876
5738	51163
10215	114299
P_9927_1	P_5010
P_9927_1	1994
P_9927_1	51752
84129	274
84129	9984
84129	221037
84129	29980
1573	63876
3421	126003
3977	8933
23646	50628
23646	865
23646	23499
23646	53826
5090	142
5090	6883
7073	26054
80331	55166
80331	P_80331
7514	10009
7514	53
23242	57406
23258	51088
3149	8878
P_4747_7	P_4747_6
P_4747_7	P_6622
P_5414_2	9935
P_5414_2	80851
P_5414_2	3606
P_5414_2	P_220296_3
P_5414_2	8309
P_1267_4	P_4741_2
P_1267_4	P_10007
P_506_9	P_5413_3
P_5860_2	P_4747_11
P_1267_7	P_1808_16
P_1267_7	P_1892_1
pro_TUBB4_MAATFIGNSTAIQELFK	P_80086
473	1459
473	27244
473	9759
473	6399
473	3480
231	P_231_4
231	P_231_3
231	P_231_2
231	P_231_1
254863	3667
254863	353
254863	55342
1153	4636
1153	26061
1153	196463
1153	79921
1153	10623
1153	84872
1153	23409
1153	93210
1153	11273
1153	91647
1153	11060
1153	79145
1153	55756
1153	54522
1153	79091
1153	8824
440733	51272
731096	6143
6171	728481
55709	23438
55709	51652
399694	399665
650339	4974
650339	6653
65062	57701
65062	81035
65062	27106
65062	2956
65062	27020
6015	11278
6015	2678
7620	55033
7620	26258
339879	132946
339879	5797
6693	9685
6693	55667
9966	56165
9966	84765
9966	54933
9966	648852
7516	2204
7516	84061
7516	55033
1138	56203
1138	648059
1138	7314
1138	54799
57631	P_2747_2
P_539_1	P_100129518_1
P_80781	P_6271_1
pro_H2A1_HUMAN_NDEELNK	P_22948_1
5884	55585
5884	11103
5884	4931
5884	51747
22986	6468
23582	65992
23582	23173
515	P_515_2
515	P_515_1
515	4580
515	7520
515	P_515_3
64840	2030
5610	3275
5610	255967
2135	9139
2135	23173
P_4135_2	5337
284129	8349
89796	2037
652730	79803
652730	9266
80896	58191
115265	6277
115265	84418
115265	58526
115265	4166
56987	84466
56987	9605
2563	53
56341	10269
P_4191_10	P_255626
P_2806_4	P_3418_3
80764	81846
80764	57647
3489	10791
3489	644029
4234	2846
4234	91526
4234	205564
205564	P_2923_2
83605	64423
83605	116988
83605	2794
55004	10671
P_5730_2	P_2947_2
23213	28987
150094	2796
150094	6853
7123	403
7123	pro_TUBB4_EAESCDCLQGFQLTHSLGGGTGSGMGTLLISK
7123	2787
7123	3910
7123	5582
4739	131601
4739	64283
4739	6926
1832	4641
1832	2296
1832	93099
1832	55244
8654	3778
652	57132
11273	22830
4967	P_4967_1
4967	P_4967_2
221476	51196
221476	26227
27111	124801
P_4259	P_975_2
55890	1879
55890	126393
84706	2697
27147	219
27147	9232
84986	414
84986	6474
84986	1917
389	2023
716	4722
716	5226
716	5627
4192	1113
63901	642017
63901	961
55198	25842
55198	85315
55198	8309
55198	1605
55198	6662
55198	200030
55198	55268
116173	84928
162979	94
5348	8424
5348	81618
95	30008
3313	P_3313_4
3313	P_3313_3
3313	P_3313_2
3313	P_3313_1
388662	576
388662	5798
388662	147657
P_2597_7	P_2806_3
P_2597_7	pro_PKM2_TATESFASDPILYRPVAVALDTK
650	283991
4303	8481
645385	54700
865	2735
26009	1182
4133	P_4133_7
4133	468
4133	P_4133_6
4133	P_4133_5
4133	P_4133_4
4133	P_4133_3
4133	P_4133_2
4133	P_4133_1
4133	283455
4133	10243
4133	8672
4133	5451
4133	6472
4133	P_4133_9
4133	P_4133_8
1428	P_1428_2
1428	P_1428_1
1428	6809
1428	51585
1428	7145
1428	400745
81575	10745
81575	84309
81575	4758
P_5094_1	11177
P_5094_1	51005
113829	51374
5685	51292
5685	3338
3914	4097
5080	88
5080	54842
5080	1911
5080	6297
5080	57326
5080	79447
283212	8934
9314	340061
9314	1382
7139	10290
7139	78992
1040	29091
1040	25853
1040	146378
6423	2995
5878	10434
51506	23435
23039	51136
1627	23062
25932	64764
25932	10612
25932	3241
25932	140465
80772	55521
1069	9031
55829	55254
55829	2000
55829	6776
55829	57468
55829	9355
55829	813
340533	65095
340533	1022
5594	58515
5594	P_5594
65078	9242
65078	55079
84307	3475
24146	11344
57819	64121
57819	83607
57819	2091
10367	9203
10367	2057
10367	4802
11122	149420
11122	55245
63876	11278
63876	116225
51752	pro_PLEC1_QLLSPGTALILLEAQAASGFLLDPVR
126003	124790
8933	53822
8933	5692
8933	10307
8933	8943
8933	125111
53826	5160
53826	10923
53826	147
142	25904
6883	158763
26054	440138
53	3292
P_4747_6	P_9118_11
P_4747_6	pro_TUBB4_AVLVDLEPGTMDSVR
P_6622	P_6854_1
P_6622	P_10540_2
8309	8556
8309	2139
P_10007	5378
P_4747_11	P_4747_5
P_4747_11	P_873_1
P_4747_11	P_4747_4
P_4747_11	P_9118_4
P_4747_11	P_4747_3
P_4747_11	P_9118_1
P_4747_11	P_4744_2
P_4747_11	P_1267_11
P_4747_11	P_4741_6
P_1808_16	P_2664_8
P_1808_16	pro_PKM2_GDLGIEIPAEK
6817	P_6817
27244	23786
P_231_4	P_114134
P_231_4	P_3098_4
3667	54468
3667	406
4636	60559
4636	29886
26061	64718
26061	6628
26061	6627
26061	5393
26061	51654
26061	10894
196463	5567
196463	6742
196463	8974
196463	25987
196463	55727
196463	23019
196463	5859
196463	7158
79921	79145
10623	221120
10623	901
10623	9760
23409	80304
23409	7753
93210	54496
91647	414328
54522	8208
54522	26511
79091	381
79091	8664
4974	23166
57701	7376
27106	57556
2956	57609
55033	123688
55033	54756
5797	1012
5797	4898
9685	54545
9685	23215
9685	54726
648852	117155
648852	374928
648852	56127
648852	285605
2204	9208
84061	79157
56203	9966
56203	400866
648059	P_7143_9
7314	78988
54799	11138
P_6271_1	P_6888
P_6271_1	P_9868_1
55585	5720
6468	25
6468	80308
6468	9380
23173	222234
23173	5257
4580	11098
P_515_3	P_292_1
P_515_3	P_7417_7
P_515_3	P_6507_2
P_515_3	P_7417_1
P_515_3	P_10632_2
P_515_3	P_10632_1
P_515_3	P_3098_5
P_515_3	P_3098_3
P_515_3	P_8402_3
P_515_3	P_535_2
P_515_3	P_51079_2
9139	57634
5337	6548
5337	7275
5337	80148
8349	63892
58191	3597
84418	51522
4166	285268
9605	1741
P_3418_3	9499
81846	25934
81846	23113
57647	55785
4856	284615
4856	10653
4856	3298
4856	pro_PLEC1_QLLSPGTALILLEAQAASGFLLDPVR
4856	238
4856	122622
4856	pro_C15orf51_NLVDSYMAIVNK
116328	7105
116328	2669
116328	pro_PKM2_AEGSDVANAVLDGADCIMLSGETAK
91526	788
116988	10171
116988	58189
2794	P_2794
10671	83941
6853	2039
6853	P_6853_15
6853	P_6853_9
6853	P_6853_14
6853	P_6853_8
6853	P_6853_13
6853	P_6853_7
6853	P_6853_12
6853	1759
6853	P_6853_6
6853	79180
6853	P_6853_11
6853	P_6853_5
6853	P_6853_10
6853	P_6853_4
6853	P_6853_3
6853	P_6853_2
6853	P_6853_1
6853	22924
6853	138311
403	404217
pro_TUBB4_EAESCDCLQGFQLTHSLGGGTGSGMGTLLISK	3028
112464	10266
5582	55841
9749	7517
2296	2619
2296	80745
2296	148170
2296	1545
2296	25987
2296	6638
2296	47
2296	9749
2296	84759
2296	3075
2296	4826
P_4967_2	84946
P_4967_2	22854
26227	P_26227_3
26227	112937
26227	P_26227_2
26227	P_26227_1
26227	29968
26227	P_26227_4
1879	493
1879	9423
126393	788
5919	10769
2697	10461
2697	51053
2697	57678
2697	9588
2697	2239
2697	361
219	6293
219	55131
219	126432
219	6663
219	55796
219	2961
219	222008
219	10494
219	5950
219	57222
219	347376
219	pro_HBA_HUMAN_MFLSFPTTK
219	8301
9232	57153
6474	55611
6474	P_213_7
2023	P_2023_1
2023	P_2023_10
2023	P_2023_9
2023	P_2023_8
2023	P_2023_7
2023	P_2023_6
2023	P_2023_5
2023	P_2023_4
2023	P_2023_3
2023	P_2023_2
5396	133
710	160335
710	5260
5226	P_5226_2
5226	P_5226_1
1113	145773
6662	57480
55268	587
84928	8821
81618	3956
P_3313_3	65082
10890	P_10890
10890	51128
5798	23492
5798	57497
5798	84894
P_2806_3	P_2023_8
283991	80176
54700	54874
54700	402
54700	389599
54700	389816
54700	23221
54700	8140
54700	8829
54700	25989
54700	285800
54700	84298
54700	10207
54700	55628
54700	79886
54700	1947
54700	9092
54700	3238
54700	1632
54700	55061
54700	84803
54700	27301
54700	4343
54700	10971
54700	91526
54700	pro_FAM62B_RQDLEVEVR
54700	79893
54700	1394
54700	790
54700	963
54700	85369
54700	55274
54700	3788
54700	54923
54700	55785
54700	10391
54700	10489
P_4133_7	P_9900_2
468	460
P_4133_5	1063
P_4133_5	2710
P_4133_3	P_4133_7
283455	91
283455	51141
283455	55638
283455	10075
283455	140885
283455	140901
283455	22838
283455	124637
283455	57134
283455	201163
8672	202559
8672	51062
8672	113178
51585	645
7145	9406
400745	8988
400745	388662
400745	57172
400745	84261
400745	56341
400745	80115
400745	79080
400745	887
51005	825
51374	83464
51374	55315
51374	8798
88	80019
8934	151188
10365	7026
340061	26751
25853	171017
146378	27239
146378	112398
146378	8481
51136	904
51136	8877
23062	89790
10612	4145
85451	9705
31	7798
6776	2550
6776	342977
9355	10461
9355	2166
3475	220213
2057	79921
53822	3208
5160	P_5160_2
5160	P_5160_1
158763	3384
P_6854_1	P_6853_15
P_6854_1	P_6853_11
P_6854_1	P_6854_3
P_6854_1	P_9114_3
P_10540_2	P_6711_21
8556	7088
P_4747_5	P_4741_3
P_873_1	pro_SKP1A_VDQGTLFELILAANYLDIK
P_873_1	P_1410_3
P_873_1	P_873_5
P_4747_4	P_9118_6
P_4744_2	P_391
P_6817	P_26052_2
29883	23074
29883	5464
23786	3736
406	64225
406	23530
406	140809
60559	8815
60559	10910
60559	11212
6628	P_6628
6628	24140
6628	6389
10894	22822
5567	642817
6742	27258
25987	8697
25987	57214
5859	51281
5859	883
7158	6432
7158	29889
221120	64145
221120	9023
221120	9656
221120	135
414328	10327
414328	5887
26511	54665
26511	57708
26511	28231
381	2563
381	124944
381	83694
381	63905
381	29906
381	57192
8664	79056
10903	11234
57556	643287
57556	158747
57556	7109
57556	91833
57609	116362
1012	5898
1012	650369
1012	388621
1012	60592
1012	139341
1012	10038
1012	27250
1012	5799
1012	5528
54545	79595
23215	23301
23215	905
23215	9736
117155	145482
117155	57222
117155	124637
117155	90987
117155	374986
117155	158399
117155	653419
117155	29883
9208	9729
79157	440704
79157	8396
400866	80264
400866	27250
400866	9747
P_6888	1019
P_6888	23530
5720	3597
5720	1973
5720	26045
5720	64747
5257	9282
P_292_1	P_476_4
P_292_1	P_23530_2
P_7417_7	P_51079_1
P_6507_2	P_6507_3
P_7417_1	P_7417_2
P_7417_1	P_2664_4
P_7417_1	P_7419_2
P_10632_2	P_1347_2
P_3098_3	P_6904
6548	23645
6548	84272
7275	91561
7275	348938
7275	79602
80148	23295
285268	55552
285268	5253
285268	79894
9499	9946
9499	25907
9499	116448
9499	124491
9499	51025
9499	6747
9499	146542
9499	375
9499	23172
9499	389337
9499	4673
9499	11340
9499	155061
55785	116071
284615	4139
10653	55119
3298	84669
3298	56339
122622	6319
122622	146433
7105	57185
7105	143888
7105	4299
2669	54875
2669	118813
2669	5208
9181	55810
83941	79745
2039	23400
2039	3098
P_6853_15	P_7417_5
1759	9796
1759	899
1759	115825
1759	102
1759	23017
1759	P_1759_9
1759	P_1759_8
1759	P_1759_7
1759	P_1759_12
1759	P_1759_6
1759	P_1759_11
1759	P_1759_5
1759	P_1759_10
1759	P_1759_4
1759	P_1759_3
1759	P_1759_2
1759	P_1759_1
1759	57030
P_6853_11	P_6853_1
P_6853_11	P_6854_4
P_6853_11	P_6853_7
P_6853_4	P_6853_13
P_6853_1	P_5530_1
P_6853_1	P_63908_4
22924	23309
22924	P_22924
22924	6543
22924	9066
10266	9314
10266	57493
7517	5891
2619	10919
2619	51110
2619	9099
2619	28966
2619	1998
2619	8682
2619	58527
2619	2317
2619	29101
2619	51654
2619	10140
2619	51804
2619	9480
2619	63897
2619	6624
1545	116496
1545	80223
1545	11138
3075	1843
3075	64755
3075	23597
3075	10791
3075	4958
3075	pro_ILMN_1652431_VLDALQAIK
3075	2327
29968	7105
29968	pro_UBE1_NEEDAAELVALAQAVNAR
29968	1465
29968	P_29968
493	131583
493	4784
493	7259
493	64081
493	10046
10769	14
10769	1659
10769	3338
10461	4853
10461	83478
10461	80723
51053	6563
51053	3977
51053	3006
9588	10418
9588	P_9588_6
9588	P_9588_5
9588	P_9588_4
9588	P_9588_3
9588	P_9588_2
9588	P_9588_1
9588	6450
9588	P_9588_7
361	P_361
361	1382
6663	80176
6663	11149
6663	51114
55796	93587
6449	133
2961	54840
2961	80306
222008	6494
5950	254778
pro_HBA_HUMAN_MFLSFPTTK	P_3043_2
pro_HBA_HUMAN_MFLSFPTTK	P_3043_7
27107	P_7143_8
55611	P_55611
55611	377
3017	283848
3017	9477
3017	8824
P_213_7	64283
P_2023_10	P_5372
P_2023_8	P_2027_1
P_2023_8	P_6812_12
P_2023_8	P_4137_2
P_2023_8	P_2023_10
P_2023_8	P_2023_2
P_2023_6	P_23406_2
P_2023_6	P_5223_4
P_2023_6	P_2026_5
P_2023_6	P_160287
P_2023_6	P_2782_9
P_2023_4	pro_PKM2_ITLDNAYMEK
P_2023_4	pro_FAM62B_RQDLEVEVR
P_2023_4	P_226_11
P_2023_4	P_2023_5
P_2023_4	pro_PKM2_LDIDSPPITAR
133	5329
6840	1730
6840	55603
160335	9536
160335	54922
5260	3430
145773	3430
145773	8382
200895	pro_PKM2_RFDEILEASDGIMVAR
587	26995
587	842
9516	55766
9516	5007
3956	P_3956_5
3956	P_3956_4
3956	P_3956_3
3956	P_3956_2
3956	P_3956_1
P_10890	P_1272_2
23492	23154
23492	6222
23492	9341
80176	10410
80176	3927
80176	865
389816	9987
8829	23099
285800	440055
84298	79088
10207	8110
79886	55758
9092	23210
10971	P_10971
pro_FAM62B_RQDLEVEVR	P_59345
79893	80124
85369	347731
85369	1296
P_9900_2	P_22824
460	29948
460	347273
1063	131118
2710	5089
91	375
91	84206
51141	818
55638	27111
10075	90025
140885	P_140885_2
140885	P_140885_1
140885	644634
140885	P_140885_4
140885	P_140885_3
22838	4000
124637	4779
201163	91010
202559	53944
51062	6586
51062	8499
8988	3094
8988	55011
8988	5475
8988	91607
8988	7432
8988	5999
80115	P_7143_3
80115	50651
79080	2941
887	54536
887	284656
825	274
825	9670
825	8605
55315	1716
80019	4833
151188	55849
151188	1875
151188	7543
151188	121642
151188	9126
7026	57644
285282	7841
27239	50614
27239	65078
27239	8911
27239	11189
27239	56339
112398	28955
8877	51167
89790	8908
4145	2580
4145	2675
7798	404037
7798	3787
7798	147339
7798	146378
342977	2274
2166	2017
P_5160_2	P_55421
P_5160_1	122622
P_5160_1	158234
P_5160_1	4803
P_5160_1	114782
P_5160_1	1845
P_5160_1	P_2805_3
3384	1003
3384	94
P_6711_21	P_23504
P_9118_6	P_6853_9
P_9118_6	P_9118_10
P_9118_6	P_9118_7
P_391	P_7384_3
P_26052_2	P_2036
23530	P_23530_4
23530	P_23530_3
23530	P_23530_2
23530	P_23530_1
10910	55339
10910	2961
6389	P_6389_2
6389	P_6389_1
6389	7025
642817	645436
642817	388275
642817	23092
642817	2317
27258	79717
27258	83443
57214	4856
57214	2706
57214	79887
57214	2487
57214	127428
6432	51373
9023	645385
9023	2992
9023	56937
9023	57730
9023	23381
9023	51281
9023	9381
9023	113178
9023	P_7417_4
9023	126003
9656	10328
9656	25871
135	79228
135	84549
135	388237
135	27005
135	2101
135	8140
10327	27005
10327	10524
10327	83667
54665	23332
28231	2615
63905	22879
63905	79872
63905	30968
29906	2827
29906	93627
116362	23504
116362	83877
116362	129807
116362	6626
116362	51700
116362	5271
116362	63893
388621	731640
60592	11051
60592	8634
139341	64754
5528	256714
5528	10488
23301	4234
23301	3708
23301	219844
9736	55717
8396	641737
80264	57107
80264	653086
26045	124995
64747	88455
64747	9404
64747	26092
64747	650369
P_23530_2	P_2775_4
P_23530_2	P_152100_8
P_6507_3	P_478_7
P_6507_3	P_220296_2
P_7417_2	P_7419_1
P_6904	P_2739_1
84272	8772
84272	8417
348938	23109
79602	54820
79602	6414
79602	5977
23295	29116
55552	196410
5253	10245
5253	8677
5253	60468
5253	65082
5253	57472
5253	84991
5253	84260
5253	10238
79894	113829
9946	84271
124491	9444
124491	760
146542	pro_HNRPA1L_2_IFVGGIKEDTEEHHLR
375	P_375_2
375	P_375_1
375	26225
375	10644
375	7087
23172	146923
389337	23303
4139	23108
4139	5338
4139	114781
4139	26056
4139	55294
57185	23097
57185	84188
57185	6903
57185	29799
57185	91522
4299	5298
55810	8175
3098	P_3098_9
3098	P_3098_8
3098	P_3098_7
3098	P_3098_6
3098	P_3098_5
3098	P_3098_4
3098	P_3098_3
3098	P_3098_2
3098	P_3098_1
3098	210
3098	P_3098_11
3098	P_3098_10
3098	257106
9796	85442
115825	23192
115825	7337
115825	54861
102	7319
23017	130535
23017	9806
23017	9892
P_1759_10	P_3329_9
57030	7764
P_6854_4	P_63893_1
23309	29888
23309	8263
23309	112939
P_22924	5867
8682	P_8682_3
8682	P_8682_2
8682	P_8682_1
2317	85458
29101	10254
29101	2632
9480	6749
6624	P_6624_4
6624	P_6624_3
6624	P_6624_2
6624	P_6624_1
6624	6422
116496	340061
4958	4613
4958	79152
pro_ILMN_1652431_VLDALQAIK	pro_ILMN_1652431_HDTSLKPISVSYNPATAK
pro_ILMN_1652431_VLDALQAIK	3336
1465	64419
1465	P_1465_4
1465	P_1465_3
1465	22901
1465	P_1465_2
1465	P_1465_1
1465	28964
131583	5606
131583	65109
131583	51234
4784	10867
4784	63035
4784	81
4784	56949
4784	1296
7259	7325
10046	53353
10046	57795
10046	79605
14	3097
6563	10278
10418	5236
10418	429
P_9588_6	P_5581
P_9588_6	P_3315_3
11149	23469
11149	3320
51114	4099
51114	6888
51114	2770
54840	84272
P_3043_2	P_3043_3
P_3043_2	P_213_19
P_3043_2	pro_HBA_HUMAN_VADALTNAVAHVDDMPNALSALSDLHAHK
P_3043_2	P_3045_2
P_3043_2	P_3043_8
P_3043_2	pro_HBA_HUMAN_VGAHAGEYGAEALER
P_3043_2	P_3043_7
P_3043_2	P_3043_4
P_3043_7	P_3045_1
P_3043_7	P_3043_6
P_7143_8	27238
P_7143_8	P_22924
8365	55969
8365	54432
9477	90268
P_5372	P_60_10
P_2027_1	P_2597_7
P_6812_12	P_396_1
P_23406_2	P_7167_4
P_23406_2	P_3945_2
P_23406_2	P_2782_6
P_5223_4	P_160287
P_160287	P_6709_7
P_160287	P_9118_2
P_160287	P_226_9
P_160287	P_11076_1
P_160287	P_7280_16
P_160287	P_4133_3
P_160287	P_6711_10
P_2782_9	P_7167_5
P_2782_9	P_4137_3
P_226_11	2057
pro_PKM2_LDIDSPPITAR	pro_PKM2_NTGIICTIGPASR
1730	1850
83667	9757
7431	P_7431_1
7431	P_7431_5
7431	P_7431_4
7431	P_7431_3
7431	P_7431_2
3430	170302
3430	10379
23236	P_23236_2
23236	P_23236_1
5216	P_5216
5216	7442
55766	92370
282809	5337
64137	55281
P_3956_2	55850
P_1272_2	P_4735_1
58506	80213
23154	P_23154_6
23154	P_23154_5
23154	P_23154_4
23154	2036
23154	P_23154_3
23154	P_23154_2
23154	P_23154_1
23154	23096
23154	6553
9341	9650
9341	775
9341	80758
10410	3430
10410	715
10410	10581
10410	9961
10410	27173
3927	P_3927
9987	50512
440055	54886
55758	9092
80124	57120
347731	6890
1296	79913
P_22824	P_6812_8
P_22824	P_3418_6
347273	79056
56254	57172
818	P_818_2
818	P_818_1
818	1009
644634	340526
644634	23234
P_140885_3	P_2775_6
3094	P_3094_2
3094	10289
3094	81689
3094	P_3094_1
3094	81892
5475	143162
5999	412
5999	9201
5999	90161
5999	57569
5999	90523
5999	147381
5999	27012
5999	81831
5999	347731
5999	154790
5999	5927
5999	9162
5999	84280
5999	441094
5999	9131
5999	2258
P_7143_3	25901
P_7143_3	1777
P_7143_3	P_4719_1
P_7143_3	P_1272_4
P_7143_3	53405
2941	6919
54536	23593
8605	5696
8605	9295
55849	P_525_2
55849	6612
9126	23279
7841	9343
50614	160
8911	8665
8911	26024
8911	58157
8911	27079
8911	152503
11189	22838
11189	23151
11189	10523
11260	9188
2580	81488
404037	9118
404037	6330
404037	2771
3787	162494
3787	8497
3787	129285
3787	93664
3787	23199
147339	51804
147339	4843
2017	55577
4803	57343
114782	5613
1003	81575
1003	7010
1003	2022
P_9118_10	P_9118_12
P_9118_10	P_9118_8
P_9118_10	P_60_5
55339	2935
55339	8650
55339	162989
55339	26511
55339	55663
55339	55795
P_6389_1	pro_H2A1_HUMAN_HLQLAIR
7025	23522
7025	3842
7025	11077
7025	3396
645436	5876
645436	646849
645436	645385
83443	8896
2487	1690
2487	4239
2487	6860
2487	5226
2487	23621
2487	26123
2487	3075
2487	7123
2487	4487
2487	80223
2487	112464
2487	91607
1655	P_1655
2992	84298
4147	8877
57730	9406
7453	79145
7453	3303
7453	358
7453	586
388237	23236
30968	3608
30968	P_30968
5271	10254
63893	P_63893_2
63893	P_63893_1
63893	79871
63893	57050
731640	23648
11051	P_11051
11051	2120
11051	10009
256714	403
256714	11001
256714	55228
256714	27429
256714	1778
256714	10716
256714	22884
256714	152789
10488	127733
3708	23266
3708	60493
3708	49854
219844	79650
219844	715
219844	83541
55717	29066
55717	6873
55717	8675
641737	136051
641737	642947
57107	27010
88455	114785
88455	81553
9404	928
9404	2353
P_2775_4	P_816_1
P_2775_4	P_2775_1
P_2775_4	P_2770_6
P_220296_2	65260
23109	254263
6414	23677
29116	6610
196410	65251
8677	4215
57472	84232
84991	284988
84991	79668
84260	652
91746	10168
84271	51490
84271	56910
9444	490
9444	8910
9444	649970
760	55145
760	P_760_2
760	P_760_1
760	3959
760	221710
760	9817
pro_HNRPA1L_2_IFVGGIKEDTEEHHLR	84735
7087	4281
146923	6619
23303	88455
23303	4122
5338	126393
26056	1113
1008	64919
55294	6191
55294	26507
23097	11149
84188	653764
6903	79714
8175	4926
8175	7879
8175	79797
8175	388692
8175	64852
3159	10273
P_3098_6	P_226_7
210	P_210
210	50854
85442	10376
85442	8566
7337	8507
9892	146691
9892	P_9892_6
9892	P_9892_5
9892	P_9892_4
9892	P_9892_3
9892	P_9892_2
9892	9647
9892	P_9892_1
9892	56893
9892	22871
9892	26575
9892	138046
9892	10294
29888	4204
8263	11075
P_8682_3	P_4684_6
P_8682_3	P_83481
P_8682_3	P_29789
85458	pro_TTC9A_HUMAN_GQVGAAAEPAELIR
85458	387644
2632	4856
6749	29781
6749	3755
6749	53944
3336	P_3336_1
3336	23235
3336	P_3336_3
3336	P_3336_2
22901	7818
P_1465_2	P_9588_2
28964	254428
10867	10207
10867	51150
10867	54331
63035	6154
81	1762
56949	5298
7325	27319
57795	11104
57795	55295
79605	114794
79605	92
5236	2108
429	84133
429	84249
23469	55717
23469	22875
23469	146517
3320	P_3320_6
3320	P_3320_5
3320	P_3320_4
3320	P_3320_3
3320	P_3320_2
3320	P_3320_1
3320	159195
4099	P_4099_3
4099	P_4099_2
4099	P_4099_1
4099	25801
4099	54886
4099	7298
4099	6035
4099	55839
4099	348938
4099	9745
6888	P_6888
2770	P_2770_5
2770	P_2770_4
2770	P_2770_3
2770	P_2770_2
2770	P_2770_1
2770	P_2770_6
P_213_19	P_57447_4
P_213_19	P_213_11
P_213_19	P_213_5
pro_HBA_HUMAN_VADALTNAVAHVDDMPNALSALSDLHAHK	P_3043_9
pro_HBA_HUMAN_VADALTNAVAHVDDMPNALSALSDLHAHK	P_7273
P_3043_8	P_11051
P_3043_8	P_3043_1
P_3043_8	pro_ILMN_1652431_ADGLAVIGVLMK
P_3043_4	pro_HBA_HUMAN_VGAHAGEYGAEALER
P_3045_1	P_7431_5
P_3043_6	pro_HBA_HUMAN_TYFPHFDLSHGSAQVK
P_3043_6	P_3043_2
P_3043_6	P_51805
P_3043_6	P_100423062
P_3043_6	P_23193
P_3043_6	P_3045_2
55969	3621
55969	10283
P_60_10	P_60_1
P_7167_4	P_5037_5
P_3945_2	P_2027_2
P_3945_2	P_2023_4
P_2782_6	pro_PKM2_VNFAMNVGK
P_6709_7	P_6812_6
P_6709_7	P_60_11
P_6709_7	P_6252_4
P_226_9	P_226_10
P_11076_1	pro_PKM2_APIIAVTR
P_11076_1	P_287_5
P_7280_16	P_1915_6
P_6711_10	P_2771_2
pro_PKM2_NTGIICTIGPASR	pro_PKM2_LNFSHGTHEYHAETIK
1850	85358
9757	222484
9757	57610
P_7431_5	P_7431_4
P_7431_4	P_7431_3
P_7431_4	P_7431_2
P_7431_3	P_23122
11145	55249
51133	56999
780	3092
780	6522
55281	51280
55281	25963
55281	9826
55281	10289
55850	64921
P_4735_1	134492
P_4735_1	94032
P_4735_1	P_10314_2
P_4735_1	1009
P_4735_1	P_58478
80213	339122
80213	57515
2036	23171
2036	149420
2036	6714
2036	P_2036
P_23154_3	P_257194_2
23096	84502
23096	6878
23096	149076
23096	9937
9650	151011
9650	92140
10581	8519
10581	57520
10581	64114
10581	83666
9961	3430
9961	3669
9961	10675
9961	2584
27173	1017
50512	25864
50512	79188
79913	51631
P_6812_8	pro_HS905_HUMAN_HIYYITGETK
P_6812_8	P_7143_4
P_3418_6	P_105372824_1
P_3418_6	P_230_6
23234	8228
P_2775_6	P_476_5
P_2775_6	P_1213_6
81892	1861
1690	26232
1690	7355
1690	P_118_1
412	440
412	84333
412	6905
9201	P_9201_2
9201	P_9201_1
9201	23158
9201	25830
9201	53346
9201	4674
9201	283951
9201	8988
90161	81533
90161	8050
90523	146760
147381	613212
147381	9480
147381	51491
27012	57495
27012	5800
81831	10439
441094	391
2258	9110
2258	3658
1777	5950
6612	222865
23279	23306
9343	7317
9343	114049
160	P_160_5
160	P_160_4
160	P_160_3
160	P_160_2
160	P_160_1
160	P_160_6
8665	1509
23151	8313
23151	339479
23151	10046
23151	91
9188	23416
9188	201595
9188	51018
25953	10891
9118	219854
9118	284615
9118	P_9118_14
9118	P_9118_13
9118	P_9118_12
9118	P_9118_11
9118	P_9118_10
9118	476
9118	3354
9118	P_9118_9
9118	P_9118_8
9118	P_9118_7
9118	P_9118_6
9118	P_9118_5
9118	P_9118_4
9118	P_9118_3
9118	P_9118_2
9118	4354
9118	P_9118_1
2771	P_2771_1
2771	4174
2771	55062
2771	6668
2771	58190
2771	P_2771_2
8497	8566
8497	8911
8497	151126
8497	2016
23199	90550
57343	25788
P_9118_12	8692
P_60_5	P_7143_8
2935	27257
3842	55660
3842	115207
3842	7328
3842	25897
4239	7412
4239	7169
4239	7431
6860	858
6860	56884
6860	9892
6860	221302
26123	200150
P_1655	P_7277_2
5375	154043
5375	26018
51286	4900
3303	P_3303_5
3303	P_3303_4
3303	P_3303_3
3303	P_3303_2
3303	P_3303_1
358	84502
358	P_11240_1
358	91624
358	54107
358	64398
586	55972
3608	9575
3608	6712
P_30968	140767
79871	51555
79871	84851
79871	23071
79871	148741
79871	8777
79871	6925
79871	5926
11001	3920
55228	56955
27429	345757
10716	7093
10716	26953
152789	6844
152789	5725
127733	645138
60493	123879
60493	64328
29066	23246
8675	9779
136051	643466
136051	6817
136051	441087
642947	79027
642947	645895
642947	3606
642947	157657
642947	126626
642947	87178
642947	23505
27010	80319
114785	4595
114785	55610
81553	P_81553
P_816_1	P_1213_32
P_2775_1	P_476_3
P_2775_1	P_23788
P_2775_1	P_83452
P_2775_1	P_2775_8
P_2770_6	P_2821_4
P_2770_6	P_7070_4
P_2770_6	P_490_4
254263	64748
254263	3755
23677	344148
65251	204
284988	10146
284988	25853
284988	51762
284988	54681
284988	10138
79668	730994
51490	6944
51490	10217
51490	54876
51490	80153
51490	84936
51490	2517
56910	5721
56910	55823
490	P_490_3
490	P_490_2
490	P_490_1
490	P_490_6
490	P_490_5
490	P_490_4
8910	7570
8910	113402
649970	126129
649970	56934
3959	2180
3959	64834
3959	221476
3959	146330
84735	25914
84735	3290
6619	23168
4122	9879
6191	651436
6191	646200
26507	1729
26507	138311
653764	57533
653764	56261
653764	4038
653764	81603
653764	6665
653764	7374
653764	22808
7879	P_7879_2
7879	P_7879_1
10273	7265
10273	79004
50854	5347
10376	P_10376_2
10376	P_10376_1
8566	23660
8566	1431
56893	9722
22871	81565
138046	25758
138046	25901
138046	63982
138046	1607
138046	1740
11075	22920
P_4684_6	394
29781	10266
29781	10204
3755	5569
P_3336_3	55244
7818	301
27319	57535
55295	84298
2108	P_2108_2
2108	P_2108_1
2108	6717
84133	7078
84133	8905
84249	23580
22875	5638
22875	3930
146517	147463
146517	51759
P_3320_2	P_3845
65125	26064
159195	284695
25801	55224
7298	656
7298	51673
7298	27236
7298	2166
7298	23412
7298	1942
7298	23052
6035	928
9745	23273
9745	950
9745	57609
9745	23387
P_57447_4	55327
P_213_5	P_1173_1
P_213_5	P_213_18
P_213_5	P_213_17
P_213_5	P_213_14
P_213_5	P_213_6
P_3043_1	pro_HBA_HUMAN_KVADALTNAVAHVDDMPNALSALSDLHAHK
pro_HBA_HUMAN_TYFPHFDLSHGSAQVK	pro_HBA_HUMAN_VADALTNAVAHVDDMPNALSALSDLHAHK
pro_HBA_HUMAN_TYFPHFDLSHGSAQVK	pro_HBA_HUMAN_LLSHCLLVTLAAHLPAEFTPAVHASLDK
pro_HBA_HUMAN_TYFPHFDLSHGSAQVK	pro_ILMN_1652431_ADGLAVIGVLMK
pro_HBA_HUMAN_TYFPHFDLSHGSAQVK	pro_HBA_HUMAN_MFLSFPTTK
pro_HBA_HUMAN_TYFPHFDLSHGSAQVK	P_3043_5
P_51805	P_3043_7
P_51805	P_646892
P_100423062	pro_IGHG1_HUMAN_STSGGTAALGCLVK
P_100423062	pro_HS.541913_TVAAPSVFIFPPSDEQLK
P_23193	pro_ILMN_1652431_VLDALQAIK
10283	9869
P_60_1	P_60_2
P_60_1	P_60_8
P_6812_6	P_4133_7
P_60_11	P_60_3
P_60_11	P_7534_4
P_60_11	P_2747_1
P_60_11	P_87_6
P_60_11	P_4191_2
P_287_5	147687
P_1915_6	P_3908
P_2771_2	P_5660_2
85358	9853
85358	9762
222484	4580
P_23122	158376
55249	57680
55249	6480
3092	51093
51280	642
25963	51000
64921	488
64921	5257
P_10314_2	pro_HNRPK_IILDLISESPIK
P_10314_2	55827
P_10314_2	1622
23171	117178
23171	387036
23171	2016
6714	22859
P_257194_2	11067
P_257194_2	4128
151011	P_151011
57520	4641
1017	1026
P_230_6	P_230_4
P_230_6	P_6709_30
P_230_6	P_1072_2
P_476_5	P_10409_3
26232	P_26232
26232	150946
P_9201_1	4719
P_9201_1	8228
26031	56945
26031	285613
26031	441478
23158	7443
25830	27289
25830	58495
25830	5550
81533	3376
81533	60592
81533	79077
81533	131118
146760	57221
613212	9607
57495	7220
57495	55234
5800	7158
391	9202
391	3959
391	10577
391	P_391
391	6195
391	23180
391	8470
391	283991
391	10351
391	22941
391	50865
222865	283212
7317	1639
P_160_5	P_6711_9
1509	P_1509_1
1509	P_1509_4
1509	P_1509_3
1509	P_1509_2
23416	3714
23416	57473
23416	51466
23416	55321
23416	23093
23416	8646
23416	23413
201595	5451
10891	8379
54913	P_22948_2
219854	124565
219854	387
219854	28957
P_9118_14	10542
P_9118_14	23067
P_9118_14	8487
P_9118_13	26504
476	P_476_9
476	P_476_8
476	P_476_7
476	P_476_6
476	P_476_5
476	P_476_4
476	P_476_3
476	P_476_2
476	P_476_1
476	84916
476	10231
476	P_476_15
476	P_476_14
476	P_476_13
476	P_476_12
476	P_476_11
476	P_476_10
476	50650
3354	81858
4174	55964
58190	51734
58190	163404
58190	10991
151126	22849
151126	23365
151126	7920
90550	9853
115207	9169
115207	9392
115207	23339
25897	23043
25897	9805
7169	3491
7169	57189
7169	3487
7169	10981
7169	731640
7169	22821
221302	26130
26018	10758
26018	8613
26018	57088
342667	6330
4900	808
P_3303_1	89890
64398	55788
64398	5082
55972	1780
55972	50814
6712	P_6712
6712	55783
140767	P_213_4
140767	254887
84851	81502
148741	27090
401002	23270
56955	54413
56955	55707
56955	64221
56955	7398
7093	2743
26953	401002
6844	55290
6844	P_6844
5725	9945
5725	3636
23246	23215
23246	5442
23246	83605
643466	644284
441087	79833
645895	10081
87178	196
87178	400721
23505	340526
P_476_3	P_3945_5
P_476_3	pro_PTPLAD1_VELSDVQNPAISITENVLHFK
P_476_3	P_478_1
P_476_3	P_476_13
P_83452	P_6855_1
P_2775_8	P_7384_1
P_2821_4	P_93185_2
344148	54443
344148	1021
204	57026
10138	64710
730994	23467
730994	23479
730994	4651
10217	5578
10217	8314
80153	29925
2517	404216
2517	310
P_490_2	374291
113402	134492
113402	8939
2180	491
651436	6124
57533	10252
81603	9520
81603	10474
7374	5509
22808	222068
P_7879_1	P_2670_15
P_7879_1	1947
P_7879_1	P_4897_1
7265	10735
7265	5719
7265	56259
79004	10540
5347	10907
5347	81554
P_10376_2	P_7280_12
P_10376_1	P_7280_6
1431	P_1431_4
1431	P_1431_3
1431	P_1431_2
1431	P_1431_1
81565	58527
81565	9378
81565	7289
25758	1951
25758	57616
25758	9228
25758	7301
25758	8106
25758	23271
63982	57711
1740	1994
394	84634
10204	6300
5569	1893
57535	117178
6717	P_6717_2
6717	P_6717_1
6717	6506
6717	5270
23580	80301
23580	56262
3930	56955
26064	64983
26064	29994
26064	220164
26064	23111
55224	114609
23052	83940
23052	55746
23052	56951
23052	22874
23052	51604
23052	23
23052	146227
23052	54480
23052	9380
23052	23199
23052	51619
23052	9765
23052	1207
23273	23387
23387	8881
23387	1164
55327	5630
P_1173_1	P_213_1
P_1173_1	P_213_12
P_213_18	8412
P_213_17	P_213_19
P_213_14	10813
P_213_14	P_213_13
P_213_6	P_213_20
P_213_6	P_213_3
P_213_6	P_213_14
P_213_6	P_213_9
pro_HS.541913_TVAAPSVFIFPPSDEQLK	pro_IGHG1_HUMAN_TTPPVLDSDGSFFLYSK
pro_HS.541913_TVAAPSVFIFPPSDEQLK	pro_IGHG1_HUMAN_TPEVTCVVVDVSHEDPEVK
P_60_3	P_10940
P_60_3	P_10982_3
P_60_3	P_7529_4
P_60_3	P_2782_8
P_60_3	P_4191_3
P_4191_2	P_271
9762	154215
9762	1509
55847	P_55847_3
55847	P_55847_2
55847	P_55847_1
51093	4209
51093	64745
51093	1797
488	730820
488	10606
488	10296
488	4905
55827	652864
1622	P_1622_2
1622	P_1622_1
22859	56970
22859	84971
22859	3984
4128	9355
P_151011	P_5413_3
23643	4055
633	26508
1026	51129
150946	8326
4719	P_4719_7
4719	P_4719_6
4719	P_4719_5
4719	P_4719_4
4719	P_4719_3
4719	P_4719_2
4719	P_4719_1
4719	158747
285613	59348
285613	93611
7443	2130
27289	11056
58495	79740
58495	1571
3376	5706
3376	51309
3376	8813
79077	9577
9607	54856
9607	8050
9607	6674
10577	5720
10577	51374
10577	4267
10577	2799
10577	645385
10577	2519
10577	55829
6195	1960
6195	5424
8470	1495
10351	P_5049
10351	8208
10351	54899
10351	23452
10351	9844
10351	6422
22941	143903
50865	3777
113457	84790
113457	50632
5934	23451
1639	8079
1639	219539
1639	2137
1639	P_1639
P_1509_4	55605
P_1509_4	29116
P_1509_4	P_4967_2
57473	10423
51466	808
51466	84992
51466	252995
51466	26286
55321	56204
8646	2245
23413	53822
23413	5662
23413	728499
23413	8314
23413	11178
23413	1838
23413	3241
23413	79567
P_22948_2	400242
P_22948_2	P_6709_34
P_22948_2	26097
P_22948_2	1810
P_22948_2	7216
P_22948_2	51056
P_22948_2	P_7431_3
28957	10542
28957	55862
10542	55856
10542	51247
10542	51258
P_476_9	P_5223_3
P_476_9	P_80201
P_476_8	P_816_3
P_476_8	P_253559_2
P_476_7	P_476_2
P_476_7	P_6900_2
P_476_7	P_476_12
P_476_7	P_112755_5
P_476_7	P_292_8
P_476_7	P_481_5
P_476_7	P_112755_1
P_476_7	P_292_5
P_476_7	P_57142_2
P_476_6	114792
10231	60685
10231	47
10231	63874
10231	830
10231	221545
10231	55893
10231	203547
P_476_14	P_11021
P_476_14	pro_ADT3_HUMAN_DFLAGGIAAAISK
P_476_13	P_1159_5
P_476_13	P_10409_2
P_476_12	pro_COX2_HUMAN_VVLPIEAPIR
P_476_10	P_152100_3
P_476_10	P_478_5
P_476_10	P_491_2
P_476_10	P_491_1
50650	1016
55964	84986
55964	P_55964
163404	1268
163404	84684
163404	79980
22849	80205
22849	54438
7920	pro_PLEC1_YLQDLLAWVEENQHR
9169	135114
9169	55666
9169	7323
9169	55602
9392	pro_PKM2_AEGSDVANAVLDGADCIMLSGETAKGDYPLEAVR
9392	84295
23043	1832
23043	57620
9805	P_9805_2
9805	P_9805_1
3491	492
3491	644615
3491	54625
3491	8030
3491	22822
3491	8266
3491	5413
3491	9825
3491	23090
3491	222008
3491	60468
3491	9717
3491	pro_ADT3_HUMAN_DFLAGGIAAAISK
3491	1010
3491	4170
3491	55571
3491	1892
3491	63906
3491	652458
3491	84305
3491	7008
3491	401475
10758	5805
10758	10993
10758	5260
10758	90050
8613	1501
8613	7159
8613	158293
8613	4646
8613	10810
8613	93973
57088	8424
57088	64763
57088	4013
57088	6662
57088	8895
57088	25942
808	55754
55788	113402
1780	2122
1780	5575
1780	10969
1780	28512
1780	1012
1780	6715
1780	10325
1780	7415
1780	7336
50814	65992
P_6712	P_1410_1
P_6712	7753
10651	55074
23270	23654
54413	P_54413
55707	7407
2743	254778
2743	97
2743	2917
2743	5796
55290	652730
55290	9382
9945	27346
9945	54516
9945	25957
3636	60677
5442	23583
10081	326
196	627
400721	81033
P_3945_5	P_3043_4
P_6855_1	P_5910
57026	55084
57026	P_57026
5578	P_5578_2
5578	P_5578_1
5578	84059
5578	P_5578_3
8314	9600
310	5612
374291	9061
374291	22827
374291	P_374291
374291	10067
491	P_491_2
491	P_491_1
9520	P_9520_1
9520	83891
9520	115861
9520	P_9520_4
9520	P_9520_3
9520	P_9520_2
P_2670_15	P_5550
P_4897_1	P_7415_5
10735	663
10735	398
56259	65018
10540	P_10540_1
10540	51493
10540	2554
10540	P_10540_2
P_7280_6	P_6709_5
P_7280_6	P_1808_9
P_7280_6	P_7846_7
P_7280_6	P_7280_11
P_7280_6	P_10376_2
1951	23373
1951	55715
1951	2911
1951	25989
1951	4292
1951	28964
1951	84630
1951	8497
1951	1850
1951	55326
1951	339451
1951	81559
9228	8927
9228	8732
9228	6595
7301	P_7301
7301	22870
5270	8601
5270	2262
5270	2746
80301	1909
83660	P_83660
51604	57486
51604	26575
51604	1514
1207	11168
5630	10134
5630	10898
8412	79738
8412	5867
P_213_20	P_1159_1
P_213_3	P_213_2
P_213_3	P_213_8
P_213_3	P_213_10
P_213_3	P_213_4
pro_IGHG1_HUMAN_TPEVTCVVVDVSHEDPEVK	1613
P_2782_8	P_7846_12
P_2782_8	pro_TUBB4_INVYYNEATGGK
P_2782_8	P_9868_3
P_2782_8	P_226_1
P_4191_3	2820
P_271	P_2026_8
P_271	P_87_1
P_271	P_27344
P_271	P_1212
P_271	P_5803
P_55847_3	P_3320_5
P_55847_3	2742
P_55847_3	7076
P_55847_2	23001
P_55847_2	10623
64745	984
730820	196515
730820	8446
730820	5256
730820	84159
730820	5862
730820	29028
730820	222236
730820	9400
730820	10484
730820	651816
730820	55197
10606	P_10606_2
10606	P_10606_1
10606	3839
4905	9789
4905	23312
4905	P_4905_7
4905	P_4905_6
4905	P_4905_5
4905	586
4905	P_4905_4
4905	P_4905_3
4905	P_4905_2
4905	P_4905_1
4905	3908
56970	51460
56970	64837
56970	246330
56970	5526
56970	79035
56970	9605
56970	1032
4055	56943
51129	8774
P_4719_7	pro_HNRPK_LLIHQSLAGGIIGVK
P_4719_5	P_4685
P_4719_3	P_10314_2
P_4719_2	P_6904
1571	643284
5706	60488
5706	132
9577	5090
9577	84313
9577	5707
9577	5372
9577	10465
9577	29068
6674	10048
2799	1777
2519	345630
5424	154
1495	387644
1495	56647
54899	22858
23452	23316
9844	259230
9844	6628
143903	5653
644	88745
84790	10381
23451	23049
23451	22889
23451	10838
2137	51637
P_1639	P_1937
84992	84457
84992	9146
84992	9445
84992	51375
84992	98
84992	6451
84992	8443
84992	4931
26286	6687
26286	653171
26286	728564
56204	5167
2245	84905
5662	6305
11178	23221
55862	51528
51247	5194
51247	23112
51258	113246
P_80201	84437
P_253559_2	10159
P_253559_2	P_2664_5
P_112755_5	P_253559_2
P_292_8	P_152100_4
P_292_8	P_5037_2
P_481_5	P_6900_2
114792	84938
60685	28999
830	P_830_1
830	P_830_2
203547	65083
P_10409_2	P_477_3
P_10409_2	P_10409_1
P_10409_2	P_6506_4
P_10409_2	P_2775_2
P_10409_2	P_476_9
P_10409_2	P_2026_10
pro_COX2_HUMAN_VVLPIEAPIR	P_51552_1
pro_COX2_HUMAN_VVLPIEAPIR	P_78991
P_152100_3	P_8402_5
1016	78986
1016	9791
1016	1793
P_55964	P_1400_2
84684	284
23767	22865
135114	P_135114
7323	3182
pro_PKM2_AEGSDVANAVLDGADCIMLSGETAKGDYPLEAVR	1325
492	26960
492	P_492
54625	127733
54625	6281
54625	669
8030	166336
8030	343990
8030	51067
8266	80851
8266	4836
5413	P_5413_1
5413	6752
5413	23466
5413	79631
5413	P_5413_5
5413	P_5413_4
5413	P_5413_3
5413	P_5413_2
23090	219539
23090	10413
9717	7026
7008	150864
7008	84270
7008	54438
401475	55086
10993	55182
10993	91768
1501	64320
1501	84129
158293	25776
2122	51176
5575	5335
5575	3768
5575	649095
28512	7416
28512	894
28512	114900
7415	P_7415_2
7415	P_7415_1
7415	P_7415_5
7415	P_7415_4
7415	P_7415_3
7336	5901
55074	3786
55074	254170
23654	54497
23654	9189
P_54413	P_10935_1
2917	2043
5796	5291
5796	2191
9382	10938
9382	55552
9382	130029
9382	9675
60677	84319
326	64417
7770	139728
9600	9053
5612	285900
5612	256536
5612	123811
22827	475
22827	374882
22827	50814
P_9520_3	1326
P_9520_3	51025
398	5708
2554	26052
2554	2806
2554	1114
P_7846_7	P_7846_11
P_7846_7	P_7846_5
P_7846_7	P_100129518_2
P_7280_11	P_7280_17
P_7280_11	P_7280_15
P_7280_11	P_7280_5
P_7280_11	P_347733_2
55715	56853
84630	10473
84630	7916
84630	4967
55326	4534
55326	55527
55326	51324
55326	113201
55326	1272
55326	285282
8927	8665
8927	P_8927
22870	144717
8601	92104
2746	P_2746_1
2746	P_2746_4
2746	9856
2746	P_2746_3
2746	P_2746_2
2746	7060
P_83660	P_9588_3
11168	8744
10134	84959
10134	10961
10898	10452
P_213_10	P_213_17
P_7846_12	P_2819
P_7846_12	P_7345_5
P_7846_12	P_5230_1
P_2026_8	P_1915_5
P_2026_8	P_498_11
P_2026_8	P_7345_1
P_5803	P_4905_1
P_5803	P_3956_4
P_5803	P_506_15
196515	64324
196515	1890
196515	10206
5862	P_5862_2
5862	P_5862_1
29028	3717
222236	51566
9400	2908
10484	8027
10484	80128
10484	80153
651816	196528
55197	120892
55197	79934
55197	56980
55197	27034
55197	91289
55197	56888
P_10606_1	pro_TUBB4_EAESCDCLQGFQLTHSLGGGTGSGMGTLLISK
3839	55320
9789	3547
9789	56984
23312	4855
23312	P_23312
23312	22911
23312	6857
23312	6326
23312	64768
P_4905_4	P_3329_9
P_4905_4	95
P_4905_1	P_5906
3908	7127
3908	P_3908
84515	P_2747_3
64837	23678
64837	5476
246330	10844
5526	10612
1032	84262
8774	P_8774
pro_HNRPK_LLIHQSLAGGIIGVK	79701
P_4685	P_7384_6
64118	64645
643284	6921
643284	649821
643284	6233
643284	650276
643284	2197
5707	64928
5707	9500
5707	64855
5707	P_5707
5372	P_5372
5372	10667
5372	149603
10465	57643
10465	84284
10465	5631
29068	7913
10048	54910
10048	79639
10048	1844
8775	P_8775
345630	80142
345630	24146
5653	84978
88745	P_5577
10381	P_10381_4
10381	P_10381_3
10381	P_10381_2
10381	84900
10381	P_10381_1
10381	10383
10381	P_10381_9
10381	P_10381_8
10381	P_10381_7
10381	P_10381_6
10381	P_10381_5
23049	55082
23049	196441
P_1937	pro_TUBB4_MAATFIGNSTAIQELFK
P_1937	57649
P_1937	10726
84457	3303
9146	57555
51375	64118
6687	64746
653171	148646
10159	4720
10159	1653
P_152100_4	5099
65083	3301
P_2775_2	P_7277_3
78986	29924
9791	4774
9791	84448
1793	3295
1793	112812
284	63901
284	7881
25996	1998
26960	23767
26960	9823
P_492	P_490_3
669	2395
669	8539
166336	5173
343990	3788
343990	388610
343990	9104
343990	3706
51067	9890
51067	4199
P_5413_5	23210
10413	4026
10413	134147
10413	7049
10413	57669
10413	6386
150864	9729
55086	8723
55086	90060
64320	9816
51176	9927
5335	112483
3768	63939
7416	P_7416_7
7416	P_7416_6
7416	P_7416_5
7416	6990
7416	P_7416_4
7416	P_7416_3
7416	P_7416_2
7416	P_7416_1
114900	55697
114900	170261
114900	2785
114900	705
P_7415_2	P_4131_4
P_7415_1	P_829
5901	137392
5901	P_5901
5901	3658
254170	2888
254170	253782
254170	90865
54497	57132
2043	117154
2043	92370
2043	90634
5291	134359
5291	84181
5291	29123
84319	51234
139728	27173
9053	25914
9053	10495
9053	54961
9053	7039
9053	6422
9053	575
9053	28513
285900	80011
475	6748
374882	65125
374882	1355
374882	51271
26052	P_26052_2
26052	P_26052_1
26052	27347
2806	P_2806_8
2806	P_2806_7
2806	P_2806_6
2806	P_2806_5
2806	P_2806_4
2806	P_2806_3
2806	P_2806_2
2806	P_2806_1
51701	27075
1114	8879
1114	P_1114
P_7846_11	P_7846_9
P_7846_11	P_7846_6
P_7846_5	P_7846_8
P_7846_5	P_7280_10
P_7280_17	pro_PKM2_AGKPVICATQMLESMIK
P_7280_17	pro_TUBB4_YLTVAAVFR
P_7280_17	P_10381_9
P_347733_2	P_10381_8
P_347733_2	P_10381_7
56853	55308
7916	54700
7916	9724
4534	55970
4534	6935
51324	5925
51324	55422
51324	9276
51324	P_5834_5
113201	5442
113201	11260
113201	116224
1272	P_1272_1
1272	5862
1272	P_1272_7
1272	P_1272_6
1272	P_1272_5
1272	P_1272_4
1272	P_1272_3
1272	P_1272_2
P_8927	113246
P_2746_3	P_2747_4
84959	3632
84959	3815
10961	51529
P_2819	P_7846_14
P_7345_1	P_1808_20
P_7345_1	P_2805_8
P_7345_1	P_226_4
1890	9311
1890	9023
1890	P_5519_1
1890	3422
1890	2710
1890	53405
1890	89790
10206	90639
10206	4781
10206	6902
10206	8202
P_5862_1	79668
80128	22803
91289	7919
56888	51022
3547	pro_UBE1_SLVASLAEPDFVVTDFAK
56984	2145
56984	57396
P_23312	P_8802
P_23312	652675
P_23312	P_5269
P_23312	2677
P_23312	P_7431_5
P_23312	2247
P_23312	P_7431_4
P_23312	P_226_10
P_23312	9607
P_23312	93436
P_23312	81559
22911	8453
22911	7093
22911	26273
22911	55709
22911	10247
22911	8936
22911	11051
22911	221662
22911	3727
22911	4033
6857	4131
6857	84085
6857	7423
6857	P_6857_7
6857	P_6857_6
6857	P_6857_5
6857	P_6857_4
6857	57535
6857	P_6857_3
6857	125950
6857	P_6857_2
6857	P_6857_1
6857	130026
6857	89927
6857	378708
6326	8540
6326	10163
P_5906	P_54472
23678	23469
84262	5150
84262	633
79701	90231
79701	6279
79701	6280
P_7384_6	P_2806_7
P_7384_6	P_7385_4
64645	5771
64645	57630
6233	P_6233
2197	285900
9500	126823
9500	2550
9500	5824
P_5707	P_292_10
149603	10554
5631	55651
6560	10290
6560	9702
84978	991
84978	83475
P_10381_2	8491
84900	26207
84900	51239
84900	2582
P_10381_1	6500
10383	7277
8406	51642
162	P_162_2
162	P_162_1
P_10381_7	pro_TUBB4_INVYYNEATGGNYVPR
P_10381_7	pro_TUBB4_AVLVDLEPGTMDSVR
64746	94103
148646	22800
4720	10280
4720	84342
1653	P_1653
5099	10402
3301	23130
3301	8724
3301	2872
3301	9709
29924	10273
4774	199
4774	19
4774	57730
84448	4173
84448	5153
84448	5365
84448	9854
112812	51025
112812	80309
112812	23057
112812	4696
112812	94241
112812	219738
7881	26039
7881	80309
7881	10370
9823	64859
2395	23786
388610	340529
388610	6251
388610	9873
3706	25758
3706	10439
9890	9219
4026	202151
4026	118429
57669	374654
1901	154796
9927	P_9927_2
9927	P_9927_1
9927	85456
9927	694
63939	192111
P_7416_7	pro_NME2P1_GDFCIQVGR
P_7416_7	pro_PAL4A_HUMAN_IIPGFMCQGGDFTR
P_7416_7	P_3303_3
P_7416_4	P_6900_1
P_7416_3	P_7419_2
P_7416_3	P_3925_1
P_7416_2	4856
P_7416_2	221074
170261	2742
2785	2170
2785	7570
2785	57580
2888	55799
253782	3131
253782	5000
253782	23209
117154	57403
117154	1612
117154	11159
29123	5362
10495	64793
54961	347734
575	3916
80011	9363
80011	51528
51271	8338
27075	55190
27075	23518
P_7846_6	P_4723_3
P_7846_6	P_4131_3
P_7846_6	29907
pro_PKM2_AGKPVICATQMLESMIK	P_112755_2
55970	57657
9276	7486
9276	1514
2319	51081
4728	4722
4728	P_4728
51529	64170
51529	92703
51529	7086
51529	6158
P_7846_14	P_7280_8
P_1808_20	P_9377_2
P_226_4	P_7167_3
P_226_4	P_1152_8
P_226_4	P_2783_4
P_226_4	P_203068_1
22803	10993
7919	5430
7919	9711
7919	54989
51022	59286
51022	11258
51022	23582
10247	P_10247
8936	P_8936
8936	54914
8936	2071
8936	25852
8936	7813
8936	4236
221662	54677
221662	6047
221662	84547
4131	114902
4131	10907
4131	4133
4131	5833
4131	10097
4131	730920
4131	8574
4131	440160
4131	P_4131_9
4131	P_4131_8
4131	P_4131_7
4131	P_4131_6
4131	P_4131_5
4131	4205
4131	P_4131_4
4131	P_4131_3
4131	P_4131_2
4131	P_4131_1
4131	6629
4131	10927
4131	5371
4131	P_4131_10
4131	9754
4131	23057
4131	643446
4131	121053
4131	54332
4131	85300
4131	6263
P_6857_6	P_1073
125950	5598
P_6857_1	22918
89927	4904
89927	6812
89927	65018
89927	23352
89927	84302
378708	4861
10163	27013
10163	4125
P_54472	7257
P_54472	P_29993_5
90231	81887
6279	5063
6279	6280
5824	871
10554	56654
9702	155038
26207	57572
26207	6909
26207	80301
26207	53834
26207	677
26207	57460
26207	3685
7277	391692
7277	P_7277_5
7277	P_7277_4
7277	P_7277_3
7277	P_7277_2
7277	7781
7277	P_7277_1
7277	652377
3312	P_3312_3
3312	P_3312_2
3312	P_3312_1
3312	P_3312_9
3312	P_3312_8
3312	P_3312_7
3312	P_3312_12
3312	P_3312_6
3312	P_3312_11
3312	P_3312_5
3312	P_3312_10
3312	P_3312_4
2872	81671
2872	7415
2872	7090
2872	51069
2872	83931
2872	5018
2872	2542
10567	5442
10567	7266
199	5721
80309	5650
23057	22999
219738	8334
219738	7277
26039	7737
340529	7529
340529	51655
118429	51776
P_9927_2	P_2823_1
P_6900_1	1063
P_3925_1	P_1639
55799	55186
3131	4124
3131	388969
3131	5977
3131	5509
3131	64326
1612	147381
1612	4832
1612	2788
1612	131601
1612	6881
11159	192111
5362	90249
5362	153561
653103	29998
347734	4669
3916	6776
9363	9211
55190	8030
55190	5336
55190	6612
P_4723_3	54908
57657	23590
P_4728	P_1410_2
92703	147906
7086	P_7086_8
7086	P_7086_7
7086	P_7086_6
7086	P_7086_5
7086	P_7086_4
7086	P_7086_3
7086	P_7086_2
7086	P_7086_1
6158	56683
P_9377_2	7343
P_9377_2	60488
P_9377_2	10001
P_9377_2	55627
P_9377_2	P_4967_2
P_9377_2	55827
P_9377_2	22898
P_9377_2	5792
P_9377_2	84164
P_9377_2	pro_HS905_HUMAN_HSQFIGYPITLFVEK
P_9377_2	79447
P_9377_2	26267
P_9377_2	26576
P_9377_2	9783
P_9377_2	9924
P_9377_2	85364
P_9377_2	6718
P_9377_2	1629
P_203068_1	P_5223_1
11258	5693
11258	291
11258	90956
6047	774
5833	57132
5833	115861
4205	3631
4205	81490
4205	144108
P_4131_2	23516
10927	401190
10927	55705
10927	54434
10927	55607
10927	79656
10927	22873
10927	8825
10927	59338
9754	195814
54332	79876
54332	10718
54332	4684
54332	27316
54332	2892
54332	23649
54332	8678
54332	84900
85300	23157
85300	400
85300	6733
6263	8601
6263	79969
6263	57154
6263	11160
22918	9948
22918	1890
22918	10068
4904	26122
4904	10522
6812	7462
6812	84947
6812	P_6812_9
6812	P_6812_8
6812	P_6812_7
6812	P_6812_6
6812	P_6812_5
6812	P_6812_4
6812	P_6812_3
6812	P_6812_2
6812	P_6812_1
6812	5908
6812	4201
6812	P_6812_17
6812	P_6812_16
6812	P_6812_15
6812	P_6812_14
6812	P_6812_13
6812	P_6812_12
6812	P_6812_11
6812	149603
6812	P_6812_10
84302	3326
84302	9016
27013	1593
7257	117143
7257	902
871	23102
57572	6522
3685	10973
3685	3268
391692	9730
391692	7280
7781	65123
80233	9685
80233	24142
80233	2873
80233	10755
80233	5859
P_3312_7	78992
81671	2737
81671	58487
51069	10139
51069	51594
83931	9001
83931	222234
5018	80349
51070	2665
22999	P_213_12
7737	79095
7529	545
7529	P_7529_5
7529	P_7529_4
7529	P_7529_3
7529	P_7529_2
7529	P_7529_1
51655	8148
55186	644019
4832	51293
4832	9935
4832	126208
4832	283987
4832	1462
153561	9710
81609	29110
29998	8675
29998	23774
29998	84292
9922	357
9922	10952
P_7086_4	1948
56683	4794
55627	84864
26267	132671
26267	55937
9783	283248
9783	5523
9924	2648
6718	6868
291	51335
291	5201
291	P_291_2
291	P_291_1
291	55342
774	10471
144108	90379
144108	79074
144108	9749
144108	80772
144108	221496
144108	23399
401190	29902
401190	57528
55607	202559
55607	10098
22873	54677
22873	80059
59338	171024
59338	23613
195814	8862
195814	83595
195814	6196
4684	P_4684_6
4684	P_4684_5
4684	P_4684_4
4684	P_4684_3
4684	P_4684_2
4684	P_4684_1
2892	54813
23157	P_23157_2
23157	P_23157_1
400	140710
400	23404
400	60561
400	2893
400	9162
9948	6749
10068	4129
10068	10630
P_6812_9	P_6857_7
P_6812_9	P_6812_14
P_6812_9	P_6812_2
5908	P_5908
P_6812_17	P_5834_1
3326	P_3326_4
3326	P_3326_3
3326	P_3326_2
3326	P_3326_1
3326	54961
3326	P_3326_5
9016	113802
9016	4782
9016	5634
1593	9826
7280	P_7280_17
7280	P_7280_16
7280	P_7280_15
7280	P_7280_14
7280	P_7280_13
7280	P_7280_12
7280	P_7280_11
7280	P_7280_10
7280	P_7280_9
7280	P_7280_8
7280	P_7280_7
7280	P_7280_6
7280	P_7280_5
7280	P_7280_4
7280	56604
7280	P_7280_3
7280	P_7280_2
7280	P_7280_1
65123	57659
24142	23670
24142	134510
24142	55486
2873	11253
2873	84286
2873	22921
2873	79033
80349	902
80349	P_102724023
80349	28972
2665	P_2665
545	375323
8148	pro_HS905_HUMAN_HIYYITGETK
51293	2825
283987	9146
1462	P_1462_5
1462	P_1462_4
1462	P_1462_3
1462	P_1462_2
1462	P_1462_1
1462	P_1462_6
9710	1265
357	158586
357	54778
10952	10371
132671	8900
132671	2308
2648	55589
2648	27346
2648	55657
2648	26249
51335	6611
51335	10935
51335	3735
51335	25994
51335	10152
51335	91750
P_291_2	P_8402_4
P_291_2	P_8402_2
P_291_2	P_7417_1
P_291_2	P_8402_1
P_291_2	P_292_11
P_291_2	P_4697_2
P_291_2	P_4259
P_291_2	pro_COX2_HUMAN_VVLPIEAPIR
10471	29915
221496	80279
29902	9780
29902	378708
57528	8821
7182	3267
10098	54207
10098	23032
10098	55450
80059	79581
140710	55636
140710	5250
140710	23513
4129	5630
4129	27230
113802	273
113802	54865
113802	9665
113802	6827
113802	10653
5634	3655
5634	57614
5634	4189
133686	1272
P_7280_14	P_526_5
P_7280_14	7866
P_7280_9	P_84617
P_7280_9	P_9377_2
P_7280_4	P_203068_3
P_7280_3	3910
134510	10994
134510	4860
11253	10121
84286	2189
84286	54919
84286	54932
84286	25981
79033	80745
79033	51123
79033	402
79033	55168
79033	57149
79033	6811
79033	11033
79033	2521
1399	54920
28972	196515
375323	84265
375323	775
375323	128553
375323	1128
P_1462_5	P_1462_3
P_1462_5	P_6285_1
P_1462_5	P_1410_1
P_1462_5	P_1462_6
P_1462_5	pro_ILMN_2199439;
P_1462_3	P_1462_1
P_1462_2	P_1462_5
P_1462_2	P_1462_4
P_1462_2	P_60484_2
8900	28986
8900	81876
55657	3299
55657	51406
55657	9986
26249	79169
26249	10006
6611	23479
6611	55670
6611	P_6611
25994	51566
P_292_11	P_7416_3
P_292_11	P_1213_15
P_292_11	P_4697_1
P_292_11	P_1808_7
P_292_11	P_476_14
P_292_11	P_478_6
P_292_11	P_23530_3
P_292_11	P_481_6
P_292_11	P_8402_4
P_292_11	P_292_6
P_292_11	P_1213_17
P_292_11	P_292_2
9780	79646
9780	32
55450	6728
55636	404216
55636	134549
55636	10742
55636	22898
441124	283989
5250	80127
5250	P_5250_3
5250	P_5250_2
5250	25979
5250	P_5250_1
79640	58509
79640	6326
273	2043
273	4131
273	4952
273	219541
273	55228
273	P_273_4
273	P_273_3
273	P_273_2
273	P_273_1
9665	51306
6827	113235
3655	55840
3655	6199
3655	9616
57614	51377
P_526_5	P_5160_1
P_526_5	23143
P_526_5	30011
10121	P_10121_1
10121	P_10121_2
2189	58517
11033	10902
11033	25999
11033	6415
11033	8241
11033	55700
11033	5833
10194	653381
54920	57147
84265	23229
128553	7504
1128	26580
P_60484_2	pro_BAT3_LINLVGESLR
28986	9240
51406	9553
P_6611	P_57447_3
P_1213_15	P_1213_31
P_481_6	P_478_2
P_292_6	P_152100_2
32	84913
51495	4719
283989	7709
283989	80270
80127	27249
P_5250_3	P_966_1
P_5250_3	P_815_5
P_5250_3	P_5478
P_5250_3	P_1327_2
P_5250_3	P_112476
P_5250_3	P_7167_13
P_5250_3	P_7167_12
P_5250_3	P_479_3
P_5250_3	P_481_2
P_5250_3	P_479_1
P_5250_1	P_152100_5
P_5250_1	P_5250_2
4952	6611
4952	51278
4952	64319
4952	729776
219541	79803
219541	23379
P_273_4	P_6857_6
P_273_2	6144
51306	254863
51377	P_829
51377	1947
P_10121_1	3305
58517	3338
11230	P_11230
25999	9040
25999	1408
25999	30000
25999	112476
8241	57176
8241	10227
8241	6773
55700	6482
29937	475
284058	8460
57147	5424
23229	26468
23229	2885
23229	140890
23229	9454
26580	374654
26580	9296
P_57447_3	P_22948_1
84913	132
84913	7334
80270	967
80270	3655
80270	54625
80270	4794
80270	7410
80270	57001
27249	54951
27249	84896
P_1327_2	P_213_15
P_1327_2	P_292_9
P_1327_2	P_5707
P_112476	P_55847_1
P_479_3	P_481_7
P_481_2	P_9927_2
P_481_2	P_5037_1
7403	29903
51278	125488
3305	P_3305_3
3305	P_3305_2
3305	P_3305_1
9040	126299
9040	4185
30000	1627
30000	56904
112476	P_112476
57176	10961
6773	283848
6773	6431
26468	64061
9454	9130
7334	23158
7334	6929
7334	3316
7334	27032
7334	10799
54951	6742
54951	151188
54951	91057
84896	123169
P_481_7	P_3305_3
P_481_7	P_1327_1
P_481_7	P_479_2
P_481_7	P_478_4
125488	9665
P_3305_2	P_3043_7
P_3305_1	2197
4185	23203
4185	23368
4185	55738
56904	54662
6431	55624
9130	25855
9130	374291
9130	9220
10799	6608
91057	5707
91057	7139
91057	6990
91057	91942
123169	5706
123169	53944
P_1327_1	P_1808_11
P_1327_1	pro_PKM2_IYVDDGLISLQVK
P_1327_1	P_525_3
P_1327_1	P_5250_3
P_1327_1	P_292_7
P_478_4	P_6616_4
23368	64645
55738	79058
55738	5980
55738	9498
55738	55759
54662	9662
54662	64224
9220	10411
9220	26130
9220	84678
P_292_7	P_7416_7
P_292_7	P_55847_3
P_292_7	P_140885_3
30815	6885
79058	84859
79058	22994
79058	10019
79058	10629
6885	22878
6885	51300
10019	10043
51300	P_5576
51300	2185
10043	26000
26000	2806
