from	to
3306	22933
3306	3092
3306	84640
3306	54780
3306	10362
3306	84081
3306	54925
3306	8495
3306	79726
3306	7705
3306	55227
3306	84909
3306	55144
3092	55847
3092	28984
84640	55783
10362	4076
84081	6788
84081	6651
8495	9679
8495	63895
8495	4047
55227	51389
28984	64093
6788	55529
6788	23467
6788	5277
6788	2059
6788	6760
6788	644935
6651	55214
9679	274
9679	63027
9679	22982
63895	58526
4047	79726
64093	30812
64093	3157
23467	729776
5277	146378
2059	51014
6760	8434
644935	84926
55214	10274
22982	22905
58526	5027
58526	28514
58526	29128
58526	6457
30812	10435
30812	11322
30812	285971
30812	27345
30812	1717
30812	29763
30812	83641
3157	649679
3157	6307
3157	58476
729776	4952
729776	3930
729776	64342
729776	644615
146378	388228
146378	55084
146378	339344
146378	10712
51014	64805
51014	54464
8434	85360
84926	23217
84926	222865
5027	2171
5027	10664
5027	894
28514	1398
28514	4038
29128	6446
11322	27106
11322	57580
11322	55114
11322	644590
285971	55216
1717	4082
29763	9770
83641	134549
83641	3927
83641	643287
83641	79668
83641	200942
6307	28966
58476	131870
4952	7403
4952	23352
3930	80314
3930	83660
3930	22875
3930	84954
64342	93611
644615	440160
388228	4613
388228	9651
339344	4267
339344	285368
339344	9378
339344	4008
64805	1524
54464	8697
85360	9741
222865	113457
222865	84968
222865	6585
222865	9760
2171	2852
2171	64411
2171	55818
2171	5627
10664	80344
894	28512
894	114789
894	5584
27106	389289
57580	80303
55216	55320
9770	83543
9770	6535
9770	85315
9770	54800
643287	3275
79668	653496
79668	3516
131870	64093
131870	1059
7403	79948
23352	10970
23352	5428
83660	10554
22875	63979
22875	360023
22875	64398
93611	64118
440160	2037
4613	905
4613	149420
4613	23417
4267	8775
4008	1121
1524	6281
113457	644
113457	7082
113457	200030
84968	3685
6585	5650
9760	10479
2852	6539
2852	5159
55818	9895
55818	2185
5627	715
5627	9314
28512	6432
28512	29087
114789	6515
114789	9585
114789	5920
114789	80199
389289	646531
80303	6446
83543	439949
83543	348995
83543	100
83543	161742
83543	6760
85315	200895
85315	27147
54800	80095
3275	4221
3516	11183
3516	5469
3516	284695
3516	29057
1059	440704
1059	57526
10554	149603
10554	6327
360023	22993
149420	11122
8775	131616
8775	6560
1121	283078
1121	145773
6281	1602
6281	10423
6281	6096
6281	158747
6281	730525
644	1942
5650	80309
5159	90952
5159	85456
9895	1650
9895	10869
2185	51300
2185	79095
715	716
9314	10365
9314	1316
6432	6419
6432	10717
5920	10507
5920	1376
5920	1837
646531	83877
646531	8540
439949	54076
439949	360023
200895	5947
200895	81605
200895	256586
200895	731950
27147	55502
11183	1462
284695	159195
29057	1294
440704	26279
440704	80224
440704	92126
57526	26471
145773	23236
10423	55092
6096	10087
6096	51060
158747	3320
158747	5629
1942	3621
1942	8460
90952	51176
90952	28514
85456	339122
10869	3141
716	5396
716	10791
716	710
716	6281
10365	4330
1316	56894
1316	124790
1316	478
10507	84525
1376	116173
8540	23212
8540	6817
81605	5564
81605	55914
81605	10067
55502	6319
159195	147929
159195	3759
159195	8537
1294	2800
26279	221322
26279	7813
80224	643882
92126	11311
26471	84329
23236	4139
55092	63897
10087	114882
3320	7127
3320	65125
3320	8777
3320	170463
5629	988
5629	404093
3621	3313
8460	5920
8460	23102
8460	9413
8460	2171
8460	66008
8460	2745
8460	5880
8460	54915
8460	444
51176	1901
51176	3915
5396	6840
10791	23116
710	8233
710	63027
710	7076
124790	158234
478	57468
478	51400
84525	10212
116173	392
116173	199692
116173	51673
116173	340371
6817	10052
6817	29883
55914	91304
55914	203068
55914	119392
147929	1182
3759	134549
3759	79628
3759	57695
7813	8936
84329	50856
84329	26353
4139	51028
4139	22854
4139	4862
4139	1008
114882	134728
114882	57466
114882	387119
114882	91801
114882	9776
114882	9530
114882	3622
114882	23299
114882	7357
114882	57551
7127	2273
65125	90441
65125	22998
65125	5781
988	23029
404093	55670
23102	10973
23102	2224
23102	55727
66008	5781
2745	112398
5880	6503
5880	8337
54915	27327
1901	23499
6840	57134
6840	83667
6840	133
6840	7431
7076	55062
7076	25805
10212	54407
10212	22808
51673	9516
51673	51659
10052	387700
119392	4174
119392	51324
119392	57461
119392	51096
119392	4793
119392	1069
119392	4430
79628	56945
79628	84932
79628	5018
79628	206358
79628	80829
79628	5137
8936	23335
8936	5831
50856	4292
50856	81890
51028	31
4862	57685
1008	131034
91801	26146
9530	2932
3622	9166
23299	122830
23299	55244
57551	54883
57551	9360
57551	2932
57551	7978
57551	55149
57551	57532
57551	9926
57551	10000
57551	8774
2273	55333
22998	84915
5781	2107
5781	2592
10973	133686
10973	7189
10973	652730
10973	23306
55727	79600
55727	58508
55727	403341
6503	83706
8337	8338
27327	64779
57134	79157
57134	7988
133	123
25805	10161
25805	23400
25805	3397
54407	8326
54407	56654
22808	26232
22808	3654
22808	6665
9516	84886
9516	57473
9516	5216
9516	282809
9516	64137
9516	3706
51659	1650
4174	9858
51096	10282
4430	220988
23335	164832
23335	2743
23335	9472
4292	8637
4292	84798
4292	81887
57685	202151
131034	25827
131034	4978
2932	1912
2932	25962
2932	326624
9166	90843
122830	4191
55244	652
55244	9871
55244	644029
55244	11329
55244	4967
55244	824
55244	5066
54883	5526
9360	23001
9360	153443
9360	29083
9360	55582
9360	7155
7978	8871
55149	133522
55149	54883
57532	25909
57532	54434
57532	116984
57532	3267
57532	23071
57532	10199
57532	54982
57532	667
57532	4719
57532	158358
10000	114609
8774	57038
8774	54811
55333	57187
55333	27250
55333	55156
55333	84248
55333	55726
55333	22823
55333	58499
55333	6996
84915	55902
652730	55290
652730	23394
652730	3482
23306	23279
403341	79717
403341	51621
8338	285282
64779	7128
64779	27309
64779	64343
79157	29901
79157	84061
79157	51164
10161	6480
10161	5336
23400	3159
8326	150946
8326	10206
8326	5763
8326	7430
26232	3316
84886	11145
84886	51133
84886	3065
84886	780
84886	8546
57473	7322
64137	55565
64137	10612
64137	56666
3706	784
9858	10439
9472	10015
9472	125476
9472	388753
9472	1558
8637	6130
84798	2010
81887	790
4978	7286
4978	81631
4978	3032
4978	1010
25962	9553
25962	9728
90843	25759
4191	10540
652	115353
652	203447
652	55166
652	7851
652	54440
9871	51058
11329	2139
4967	5494
153443	9014
153443	22878
153443	11264
153443	9166
55582	4087
7155	6430
8871	26046
133522	125228
25909	1608
25909	84295
25909	23126
54434	7182
116984	9147
116984	3516
3267	51495
3267	389856
3267	7182
23071	10651
10199	55003
10199	9527
10199	60412
667	23350
667	64395
667	55186
158358	4594
158358	116987
57038	10236
54811	2287
57187	3586
57187	257415
57187	57001
57187	54811
84248	134728
84248	3066
84248	3239
55726	10771
55726	55602
23394	8824
23279	9943
23279	1655
79717	10319
51621	9781
29901	90826
51164	83880
150946	79228
150946	6650
10206	80205
10206	51130
10206	8405
7430	3636
7430	7466
3316	51522
11145	2123
51133	51542
780	4174
780	1312
780	114902
780	778
8546	7123
55565	729446
55565	830
55565	5871
784	63982
2010	5549
7286	5027
7286	80007
3032	127687
3032	51287
3032	345557
3032	56674
1010	84456
1010	57084
9728	114299
9728	6917
51058	6201
2139	9445
26046	91404
1608	4087
23126	64895
9147	51265
9147	55285
389856	301
9527	79612
9527	9499
23350	81608
23350	9815
23350	23160
55186	9147
55186	9344
116987	51265
116987	284695
2287	5128
57001	3122
57001	83941
55602	374875
8824	10269
9943	5934
1655	11186
1655	11267
9781	55291
9781	1876
79228	9968
79228	23649
80205	2971
80205	10422
80205	22849
3636	159090
7466	653381
51542	4722
114902	5950
114902	8877
114902	63893
778	4713
7123	83716
7123	112464
7123	9913
830	27020
63982	1063
127687	10826
127687	55004
345557	9055
114299	51621
6917	26160
6917	51263
6917	93185
6917	646200
6917	8487
9445	8895
91404	284695
91404	6733
64895	55288
301	1196
301	139818
301	4720
301	10513
301	6281
79612	116151
9499	8409
9499	4792
9499	200150
5128	8834
3122	7305
83941	652864
83941	902
374875	8458
374875	23461
374875	23542
5934	54880
5934	64083
5934	5396
5934	3295
5934	84068
11267	8915
1876	7541
23649	2584
2971	56940
22849	139285
159090	23157
159090	81035
159090	51105
159090	1441
653381	1303
653381	91
4722	4728
5950	219
8877	51373
8877	11260
8877	3146
8877	6205
4713	10170
112464	79671
112464	389125
27020	10294
27020	84678
10826	8324
10826	1201
55004	51734
55004	728653
9055	5550
9055	6627
8895	9960
8895	401397
8895	26269
55288	6199
55288	8859
139818	1824
4720	666
8409	552900
8409	3068
8409	10899
4792	22889
4792	64651
4792	29128
4792	7704
200150	929
7305	811
7305	80896
7305	29108
7305	58191
7305	9450
652864	55827
8458	402694
54880	9310
54880	23774
64083	2803
3295	1793
3295	55251
7541	158763
7541	84844
2584	9961
2584	4000
2584	7432
23157	85300
81035	10903
51105	7371
1303	94240
91	375484
91	8886
91	56254
4728	10961
219	94107
219	51196
219	79979
219	10280
219	7629
219	10066
219	9275
219	6449
219	953
219	9242
219	6629
219	6474
3146	160418
6205	643949
6205	646766
6205	441876
79671	7410
10294	54793
10294	9897
8324	6608
8324	51182
8324	55094
1201	478
5550	11278
5550	23335
6627	10001
9960	60481
9960	64855
9960	55092
401397	90865
666	4144
552900	10169
3068	91582
10899	9538
64651	81575
64651	29940
64651	2969
7704	1831
7704	90865
929	3055
929	3659
80896	55745
80896	201158
29108	81622
29108	393
29108	341
29108	375387
58191	11309
58191	58475
9450	51284
9450	55843
55827	57835
9310	2354
23774	57658
23774	4297
55251	730358
9961	8519
9961	90557
7432	143162
7432	1690
94240	4939
94240	4940
94240	6310
375484	55625
8886	54726
8886	9962
10961	89796
94107	643949
94107	10574
51196	5173
10280	83986
7629	64332
6474	64802
6474	27107
6474	401236
6474	6189
6474	3017
646766	441246
441876	440589
441876	6188
441876	55128
441876	642250
54793	10928
9897	57486
9897	8440
51182	5265
11278	63876
11278	79643
10001	27248
64855	203547
90865	55565
90865	9513
90865	55163
90865	4200
10169	83442
9538	79088
9538	6322
9538	51700
81575	9213
81575	64283
29940	64332
29940	113451
3055	2210
11309	10161
11309	123920
51284	387882
51284	4066
51284	139818
51284	4082
57835	84515
57835	196
57835	401494
57835	8740
2354	9023
8519	23643
8519	7076
8519	633
143162	4856
143162	5475
1690	2794
6310	151473
54726	92935
54726	7296
54726	23215
54726	83696
89796	84669
89796	8045
10574	55851
5173	166336
83986	5864
83986	29904
27107	23516
27107	22835
3017	10219
3017	8365
3017	90121
440589	25855
440589	400963
440589	91561
6188	3423
6188	440927
10928	10905
5265	1837
5265	150677
5265	241
5265	134147
63876	23492
63876	79979
63876	23355
63876	9677
79643	23130
79643	5859
79643	23020
27248	23673
27248	54737
4200	6567
79088	516
51700	4882
51700	51555
51700	51110
51700	23568
2210	5771
2210	64859
387882	3725
196	286354
9023	1655
9023	10039
9023	7511
9023	79174
9023	23764
9023	9314
9023	54545
9023	4147
9023	5333
9023	8321
9023	4651
9023	594
9023	84105
9023	5140
9023	57232
9023	1844
9023	7453
9023	121642
9023	64651
9023	80727
23643	10161
23643	8673
633	79001
4856	55890
4856	3485
4856	4647
4856	231
4856	1382
5475	8437
5475	9479
5475	2060
5475	79639
5475	23769
7296	115948
83696	57149
166336	51306
166336	92
29904	55145
10219	9311
8365	58500
90121	57171
400963	388474
241	6696
241	3059
241	83706
241	2207
134147	8148
23492	58506
23492	9118
23355	10015
9677	51163
23130	80233
23673	5510
23673	10989
54737	55181
54737	80856
516	1690
64859	2717
64859	7405
3725	2353
10039	740
23764	2532
23764	10797
54545	64417
54545	10589
4147	5375
4147	26275
4147	51286
4147	10906
4147	55295
5333	203
4651	730994
4651	7770
57232	23011
1844	4234
1844	8878
1844	91526
1844	205564
7453	56704
7453	84549
7453	54541
7453	3782
7453	6674
80727	57596
8673	79887
8673	4242
55890	64919
55890	5919
55890	5274
4647	29109
1382	9749
79639	28227
51306	9665
92	79605
92	54989
55145	84501
55145	51368
388474	441034
388474	6124
6696	4650
3059	128346
3059	9332
9118	404037
9118	9696
9118	19
51163	5738
80233	55264
80233	55072
80233	8660
80233	400890
5510	11188
10989	6990
10989	1213
10989	10463
80856	64794
7405	23287
2353	467
2353	8295
2353	5358
2353	23645
2353	23112
2353	146378
2353	23109
2353	3786
2353	65989
2353	5295
2353	51278
2353	57018
2353	29940
2532	1268
2532	602
2532	50863
2532	7088
10797	8460
10797	57232
10797	129807
10797	388585
10797	197259
64417	27297
64417	3952
64417	10859
5375	373156
5375	8908
51286	55662
51286	727800
51286	342667
51286	148252
51286	11344
51286	400916
51286	64949
51286	10953
203	158947
54541	8517
54541	7422
3782	53346
6674	50507
57596	25907
4242	29108
4242	51310
64919	83985
64919	1008
5919	5730
5919	5800
5274	29887
5274	56126
29109	54842
9749	285971
28227	54862
9665	80273
9665	10991
79605	23108
84501	55262
51368	595
51368	2224
441034	731096
441034	4803
6124	158345
128346	6405
9332	84277
9332	2289
9332	231
404037	25953
404037	6324
404037	23344
404037	23316
19	151835
19	25842
19	4913
55072	54726
55072	389816
8660	7296
8660	4324
400890	1399
11188	55897
11188	527
11188	192683
6990	7416
6990	8915
6990	29088
10463	54919
64794	54602
23287	140803
467	11060
467	57238
467	5863
467	7027
467	1843
467	1522
467	50651
467	55654
467	5283
467	4659
467	26272
467	2850
467	129804
467	2787
467	26751
467	22929
467	728564
467	114902
467	6001
467	3638
467	7398
467	2876
467	2717
467	10548
467	4351
467	84661
467	54432
467	1316
467	599
467	2774
467	64135
467	2483
467	8243
467	5209
467	9221
467	79157
467	26225
467	54813
467	8780
467	56937
467	56997
467	55245
467	153642
467	2124
23645	57121
23109	10683
65989	25976
5295	9647
5295	23271
602	9846
388585	10675
388585	148523
3952	84520
10859	55142
10859	1438
148252	284716
148252	81037
400916	112703
64949	29114
10953	64285
158947	55757
158947	64432
7422	4035
53346	79656
53346	9201
50507	4861
25907	8816
51310	25864
51310	400916
51310	123
5730	4925
5800	56478
5800	645899
29887	10745
29887	65059
54842	79720
10991	5347
10991	5921
23108	163404
4803	5371
158345	1975
2289	687
6324	54913
6324	64333
6324	8682
23316	3321
25842	9126
1399	10194
527	51016
527	731049
527	29924
527	10134
527	22803
527	55168
527	79188
192683	23386
192683	8567
7416	3939
7416	659
29088	9474
54919	79885
1843	9709
26272	50856
129804	1958
6001	953
6001	1794
6001	4973
3638	2002
3638	647673
3638	23199
3638	4598
3638	65982
3638	149076
84661	9644
26225	10938
8780	1975
8780	55768
8780	80155
8780	5832
56937	25909
2124	64760
57121	89846
57121	3394
10683	57574
25976	8754
25976	4501
25976	348938
25976	56647
9846	9873
10675	2318
55142	27238
55142	653086
1438	7020
1438	56165
1438	6868
284716	22920
81037	366
29114	2778
29114	10381
55757	22898
79656	339855
9201	22950
9201	154790
9201	80309
9201	26031
56478	57180
645899	200185
645899	23193
645899	90736
645899	646195
645899	83548
645899	3300
10745	163404
79720	4013
163404	23767
163404	222008
163404	441094
10194	64324
10194	54665
10194	29937
10194	83443
10194	9821
10194	284058
10194	23613
29924	10567
29924	78986
29924	84993
10134	6182
10134	1613
10134	9551
10134	51194
22803	80128
22803	23272
55168	11230
55168	23174
23386	80789
23386	161
23386	23092
23386	6709
8567	6804
3939	4647
659	83693
1958	8877
1958	2354
1958	4885
4973	10170
4973	5777
647673	57692
647673	731985
647673	9610
23199	283248
55768	9001
5832	22931
64760	79711
3394	3684
57574	29903
57574	58513
57574	6543
348938	114299
348938	64423
348938	56996
348938	10868
348938	56062
56647	643888
9873	51382
9873	10953
2318	9554
2318	1028
2318	3916
653086	94056
6868	5609
2778	22859
10381	7283
10381	162
10381	8406
22898	5719
154790	728229
154790	27065
57180	27429
646195	54870
83548	134
3300	23753
3300	399687
3300	90639
222008	28513
441094	23266
441094	51646
441094	9189
441094	54536
54665	51614
54665	80196
54665	57708
29937	10314
29937	51024
29937	8479
29937	84064
284058	9931
284058	731950
23613	8722
10567	51070
6182	3956
6182	2319
6182	4728
9551	342371
9551	54617
51194	10550
23174	23353
80789	23478
161	4857
161	2901
6804	27300
6804	146760
4885	55422
57692	3093
57692	642361
57692	55153
57692	55701
57692	5775
57692	9581
57692	2566
731985	6194
731985	653773
22931	5612
29903	85021
29903	54443
29903	126003
58513	9828
58513	23466
6543	84502
64423	9181
56996	24147
56062	51805
56062	23122
56062	6156
56062	27347
56062	9742
56062	23057
643888	79635
643888	83988
3916	575
3916	51507
22859	5362
22859	6714
22859	478
5719	7265
728229	203197
728229	51073
27065	55841
27065	147463
27065	79754
27065	90203
27065	650369
23753	3309
23753	51726
23753	79174
399687	5256
399687	7297
399687	26010
399687	132789
399687	81
399687	8668
90639	9946
90639	10206
90639	84440
90639	8562
28513	728499
28513	65078
28513	55858
28513	387036
28513	11042
28513	158471
28513	29904
80196	23332
57708	84932
57708	220213
10314	26052
84064	64768
51070	7284
342371	115098
10550	27086
23353	27125
23478	10137
23478	647673
23478	55131
23478	22919
23478	10981
23478	11234
23478	2124
23478	114908
146760	84280
3093	56478
3093	4066
3093	6790
3093	8649
3093	1737
3093	29081
642361	9444
642361	10055
5775	783
2566	151473
2566	4134
6194	261734
6194	10051
6194	645688
6194	6222
5612	659
54443	3920
54443	121601
126003	726
84502	1509
9181	84440
24147	10166
23122	547
23122	64645
23122	360023
23122	51000
23122	6596
23122	22875
23122	9039
23122	51447
23122	54521
23122	8669
23122	51510
23122	51566
6156	6170
6156	6143
6156	118881
6156	84191
6156	7423
6156	2091
6156	3590
6156	79005
27347	11059
27347	10971
83988	81873
5362	29123
5362	10523
5362	6399
203197	9415
203197	398
55841	155038
79754	55259
79754	64781
650369	5782
650369	548596
650369	29107
650369	22856
650369	219988
3309	811
3309	347733
51726	7184
5256	6311
7297	79932
7297	26156
7297	25960
7297	79654
26010	11212
26010	154807
81	257415
81	55558
81	9735
9946	91746
65078	389119
65078	11189
65078	7050
55858	9242
55858	8535
55858	2065
387036	93587
387036	57171
387036	55677
387036	83596
387036	25978
11042	1660
11042	387036
158471	90362
220213	5588
64768	10389
64768	54780
64768	7587
7284	2665
22919	3032
10981	51284
114908	1857
84280	9240
8649	152559
29081	5716
783	9575
783	79152
4134	28969
4134	84926
4134	55799
4134	10653
4134	84553
4134	27069
4134	1571
4134	26050
4134	23513
4134	644615
4134	2554
1509	644739
1509	51258
64645	23368
64645	51162
51000	25963
51000	57648
9039	6729
9039	21
9039	129401
54521	8846
54521	23243
51510	10949
51510	54886
51510	10094
6170	6154
6170	346950
6170	2197
6143	731985
6143	8520
84191	129401
2091	51035
10971	9575
29123	653103
29123	10743
29123	201164
29123	84206
6399	9825
9415	54978
155038	83660
55259	55750
5782	54918
548596	1159
548596	160
548596	81542
29107	3725
219988	23512
219988	4790
219988	7145
219988	26271
219988	374887
347733	80777
347733	10993
7184	6432
25960	5705
25960	3638
154807	388962
91746	10988
11189	114794
7050	2108
7050	10570
2065	285908
2065	146517
93587	81619
93587	80308
25978	11235
25978	10393
25978	3146
1660	6626
90362	3688
9240	28986
9240	23517
5716	79685
5716	81847
5716	10671
55799	257364
10653	23061
10653	163590
26050	27248
26050	730534
23513	140710
2554	29102
2554	51701
2554	132332
644739	965
644739	728411
644739	57542
644739	1605
51258	56655
23368	5064
23368	9647
23368	30815
51162	2242
25963	80758
6729	56890
21	203054
8846	163590
10949	5283
54886	3508
10094	55213
6154	6144
6154	326624
6154	440055
2197	441246
8520	60481
653103	81609
653103	23670
653103	23174
653103	54476
10743	9922
84206	91
54918	29128
54918	203427
1159	171546
1159	7407
23512	1736
4790	51065
4790	51161
4790	1998
4790	4089
4790	23011
4790	10126
374887	132946
374887	5582
374887	404217
10993	9630
5705	5037
5705	4040
5705	8661
2108	55198
285908	85451
285908	1119
146517	23469
11235	94032
11235	6534
10393	11238
10393	25801
3688	10627
3688	51088
3688	6788
3688	1105
3688	5188
28986	84342
79685	23217
79685	57117
81847	3303
81847	29081
257364	54497
257364	961
23061	55651
730534	4953
730534	388275
140710	128637
140710	9564
140710	400931
140710	64785
140710	10371
140710	441124
140710	79640
29102	4147
132332	8997
56655	3281
30815	64975
30815	1209
30815	54977
203054	80263
203054	29882
6144	654194
440055	6194
440055	6206
23670	24142
54476	6829
9922	55869
171546	149473
171546	1654
171546	115201
7407	81559
7407	7185
51065	25798
51065	10243
51065	10973
51065	900
10126	56603
5582	57497
5582	11095
5582	8715
404217	762
404217	1397
404217	57574
9630	8829
55198	4281
1119	2617
94032	55845
11238	5277
10627	5159
57117	7570
3303	10390
3303	26973
3303	10314
3303	54707
3303	79414
54497	3815
4953	5000
388275	51619
388275	389674
9564	26003
79640	10097
6206	84333
6206	648343
6206	642250
6206	387644
24142	81605
24142	79873
24142	93627
24142	153642
6829	10898
6829	22907
6829	10273
55869	51071
1654	10014
1654	29980
115201	1844
10243	285268
10243	201134
900	8451
56603	4817
57497	5798
57497	29906
57497	93099
8715	129049
762	131408
762	25861
7570	2037
7570	10274
7570	56647
26973	64062
26973	150275
26973	56126
26973	55164
26973	1810
26973	3301
26973	494470
3815	54872
10097	23177
387644	7275
79873	57567
79873	1763
79873	55486
22907	79133
29980	9988
285268	403
285268	150274
285268	730994
285268	643452
285268	220382
285268	5725
201134	9590
4817	7551
5798	5195
5798	112703
5798	576
29906	51663
29906	9921
29906	4191
129049	4216
25861	57498
25861	1620
25861	57050
25861	730525
25861	28514
25861	84529
150275	54880
150275	6477
150275	731950
3301	56061
3301	55317
3301	149448
3301	5093
3301	6388
3301	7323
3301	3312
3301	7873
494470	56675
494470	57862
23177	8745
23177	8493
57567	124961
55486	55218
9988	90799
150274	9516
7551	11285
576	55577
576	388662
9921	10423
1620	24141
1620	55741
1620	25907
57050	301
6477	54468
6477	197258
6477	9709
56061	8450
6388	10899
7323	25996
3312	124583
7873	23753
7873	10168
8745	386617
8745	2893
55218	4303
388662	2827
388662	3489
388662	10890
388662	133619
24141	3321
24141	794
55741	7504
197258	8453
10168	91746
10168	84078
386617	162
4303	23242
4303	11257
3489	4856
3489	91607
3489	81876
3489	116328
3489	63892
7504	5099
7504	128553
7504	55638
23242	11266
116328	3487
116328	654194
116328	301
5099	23648
5099	648149
3487	7422
3487	56901
23648	393
23648	401002
