0	3306
1	22933
1	84640
1	P_3306_2
1	P_3306_1
1	10362
1	54925
1	8495
1	79726
1	7705
1	5245
1	200150
1	84909
1	55144
1	5981
2	P_22933
2	7528
2	9679
2	63895
2	4047
2	22909
2	2739
2	P_5245_5
2	105
2	P_5245_4
2	P_5245_3
2	P_5245_2
2	P_5245_1
2	1500
2	9760
3	274
3	63027
3	55096
3	22982
3	25861
3	58526
3	1774
3	51538
3	440349
3	P_2739_2
3	P_2739_1
3	4711
3	388695
3	5201
3	54859
3	3208
3	5166
3	9912
3	3006
3	25960
3	P_6193
3	10479
4	400242
4	P_274_2
4	P_274_1
4	4650
4	91373
4	203562
4	9767
4	22905
4	24141
4	1620
4	730525
4	28514
4	84529
4	5150
4	10507
4	5027
4	4882
4	5147
4	6647
4	4831
4	84135
4	57595
4	389599
4	2596
4	2289
4	10817
4	686
4	11257
4	22865
4	81706
4	51201
4	5705
4	3638
5	81894
5	10491
5	9654
5	53358
5	6696
5	55902
5	57060
5	pro_EPB49_TSLPHFHHPETSRPDSNIYK
5	794
5	10368
5	57084
5	1398
5	643169
5	6457
5	2171
5	10664
5	894
5	P_6647_2
5	P_6647_1
5	27236
5	23478
5	1287
5	27020
5	P_2596_4
5	P_2596_3
5	P_2596_2
5	P_2596_1
5	56934
5	5696
5	8402
5	3356
5	687
5	64802
5	10605
5	400948
5	6574
5	84968
5	143162
5	5037
5	4040
5	8661
5	2002
5	118424
5	84295
5	27316
5	4598
5	65982
5	149076
6	P_3240
6	11269
6	3300
6	64983
6	7936
6	126119
6	29946
6	5799
6	9282
6	202020
6	521
6	11141
6	54432
6	55818
6	80344
6	5584
6	10137
6	647673
6	22919
6	10981
6	11234
6	2124
6	114908
6	23271
6	4646
6	8536
6	P_27020
6	285368
6	1871
6	652377
6	51056
6	P_8402_5
6	P_8402_4
6	P_8402_3
6	P_8402_2
6	56942
6	P_8402_1
6	P_8402_6
6	23466
6	284325
6	950
6	80206
6	55061
6	2512
6	94160
6	P_5037_7
6	P_5037_6
6	P_5037_5
6	P_5037_4
6	P_5037_3
6	P_5037_2
6	P_5037_1
6	90806
6	22863
7	6525
7	27238
7	83590
7	90639
7	56997
7	6327
7	57162
7	P_521
7	203069
7	10744
7	26502
7	9895
7	57692
7	731985
7	57496
7	387882
7	22874
7	55251
7	64760
7	928
7	79776
7	1857
7	5295
7	27125
7	10197
7	89891
7	9921
7	2193
7	2583
7	4861
7	2790
7	P_7070_3
7	pro_ATP6_HUMAN_LITTQQWLIK
7	3416
7	5051
7	9528
7	2890
7	334
7	151790
7	P_2512
7	140831
7	84236
7	113452
7	2119
7	627
7	84894
7	6804
7	83988
7	P_1808_4
7	P_1152_13
7	P_2782_5
7	P_1312
7	P_226_2
8	648149
8	285053
8	10565
8	6472
8	5256
8	91039
8	84440
8	8562
8	P_5577
8	163859
8	57498
8	8227
8	80209
8	1650
8	129049
8	3093
8	55153
8	55701
8	2566
8	6194
8	151473
8	3725
8	51284
8	730358
8	7355
8	P_928_2
8	53371
8	P_928_1
8	7419
8	23353
8	4173
8	51154
8	1325
8	P_7070_1
8	pro_ADT3_HUMAN_DFLAGGIAAAISK
8	83666
8	10079
8	9991
8	51390
8	967
8	8864
8	1848
8	124044
8	80727
8	65989
8	4826
8	9677
8	27300
8	643310
8	P_6804
8	P_83988
8	P_7534_2
8	P_226_10
8	P_7167_9
8	P_140885_4
9	643831
9	347544
9	388720
9	644039
9	6164
9	10424
9	6311
9	8019
9	4761
9	9612
9	26205
9	2788
9	64783
9	6601
9	7704
9	9889
9	56478
9	8649
9	27154
9	1737
9	261734
9	6222
9	6310
9	2353
9	4066
9	139818
9	64805
9	4082
9	79745
9	55924
9	P_28976
9	P_476_15
9	P_7419_2
9	P_7419_1
9	5782
9	10749
9	10189
9	P_7070_2
9	P_78991
9	10346
9	6890
9	10379
9	219402
9	5354
9	301
9	9031
9	57596
9	146206
9	25976
9	10912
9	784
9	900
9	222229
9	57574
9	2912
9	51574
9	148304
9	51065
9	85236
9	P_2782_4
10	388654
10	642250
10	6217
10	9349
10	112611
10	3485
10	55589
10	329
10	200845
10	4520
10	1973
10	5986
10	53353
10	23523
10	124930
10	8106
10	6789
10	1995
10	1831
10	152559
10	P_1737_1
10	P_1737_3
10	P_1737_2
10	467
10	90268
10	5358
10	5832
10	286410
10	25949
10	10988
10	23645
10	6583
10	23112
10	114794
10	29940
10	11183
10	1824
10	8655
10	29952
10	54664
10	27252
10	8491
10	85406
10	P_529
10	P_7417_4
10	P_515_1
10	P_7417_3
10	P_7416_6
10	P_7416_1
10	P_7417_6
10	4357
10	118881
10	54915
10	1030
10	5925
10	11309
10	10629
10	4940
10	P_5354_1
10	9846
10	P_5354_6
10	P_5354_5
10	56650
10	P_5354_4
10	P_5354_3
10	P_5354_2
10	9122
10	1196
10	55084
10	10513
10	6281
10	25907
10	23332
10	5763
10	2827
10	2308
10	11212
10	8754
10	4501
10	8507
10	23467
10	10683
10	58513
10	6543
10	404217
10	25798
10	10243
10	57117
10	8992
10	221710
10	3275
10	P_7167_10
11	644029
11	5887
11	8720
11	441876
11	6205
11	5931
11	4094
11	9559
11	214
11	P_6285_2
11	1632
11	2908
11	54458
11	7803
11	10609
11	23293
11	164
11	26284
11	8233
11	6627
11	11060
11	3714
11	6305
11	57238
11	5863
11	1843
11	1522
11	23304
11	50651
11	55654
11	5283
11	3068
11	4783
11	126129
11	4659
11	677
11	26272
11	6748
11	55840
11	129804
11	22929
11	1960
11	6809
11	10906
11	23351
11	112483
11	23381
11	115361
11	2717
11	4351
11	84661
11	1316
11	599
11	2774
11	5209
11	6603
11	7102
11	55187
11	2098
11	6506
11	23180
11	65110
11	8780
11	6500
11	8945
11	400120
11	P_118_2
11	6788
11	257106
11	153642
11	5996
11	6774
11	3707
11	8895
11	64172
11	90
11	56603
11	57121
11	64332
11	113451
11	P_8655
11	1384
11	10014
11	137392
11	652458
11	P_84064
11	P_7416_5
11	pro_COX7R_HUMAN_LAGAWASEAYSPQGLKPVVSTEAPPIIFATPTK
11	144100
11	27327
11	535
11	10161
11	83985
11	P_4155_4
11	P_490_6
11	P_1267_9
11	9873
11	51125
11	P_1267_6
11	P_1267_11
11	P_1267_8
11	P_4191_4
11	P_4155_2
11	P_8506
11	P_4340_1
11	P_2664_4
11	P_4905_6
11	666
11	7018
11	10397
11	54443
11	P_4155_1
11	P_1267_2
11	P_4155_3
11	P_93377
11	P_4340_2
11	P_4741_7
11	P_4191_5
11	391656
11	25864
11	158747
11	55605
11	P_525_2
11	26509
11	8816
11	80196
11	7016
11	25946
11	222962
11	63933
11	283951
11	9915
11	8448
11	P_58513
11	84502
11	P_6543_2
11	P_6543_1
11	762
11	1397
11	84464
11	54550
11	149473
11	201134
11	79685
11	26610
11	4221
11	5330
12	388474
12	80021
12	55486
12	54806
12	440589
12	6188
12	55128
12	440927
12	643949
12	646766
12	23111
12	8295
12	81857
12	689
12	11043
12	7776
12	57544
12	8446
12	54505
12	250
12	158345
12	905
12	29979
12	54923
12	6873
12	57187
12	9055
12	5095
12	10370
12	10695
12	55603
12	6542
12	23516
12	51207
12	64753
12	84861
12	548596
12	51283
12	402057
12	50856
12	171546
12	23504
12	987
12	10097
12	79152
12	115861
12	114569
12	1201
12	81844
12	55188
12	9644
12	333
12	56894
12	91768
12	1778
12	54922
12	26508
12	51031
12	604
12	P_2098_2
12	P_2098_1
12	23708
12	P_2098_3
12	P_6506_5
12	P_6506_4
12	P_6506_3
12	P_6506_2
12	P_6506_1
12	55768
12	23360
12	80155
12	84280
12	55529
12	5277
12	387
12	4515
12	84081
12	6760
12	8500
12	644935
12	83657
12	116092
12	10162
12	56999
12	1942
12	5364
12	51239
12	114902
12	63931
12	27079
12	1809
12	89846
12	3394
12	10009
12	84330
12	3795
12	8727
12	143684
12	64779
12	728653
12	P_535_3
12	P_535_2
12	P_535_1
12	1917
12	6480
12	5336
12	P_1778_2
12	343450
12	29800
12	118611
12	28513
12	5137
12	23542
12	P_3032
12	P_4741_5
12	pro_PKM2_GDYPLEAVR
12	P_1410_4
12	P_5860_1
12	P_23157_1
12	8161
12	P_5019_1
12	P_6252_2
12	P_4131_8
12	P_873_4
12	9601
12	8706
12	84915
12	55819
12	3728
12	55624
12	1028
12	6319
12	P_7018_4
12	P_7018_3
12	P_7018_2
12	P_7018_1
12	93145
12	3920
12	5638
12	121601
12	3433
12	P_10972
12	P_10694
12	51700
12	P_1267_5
12	P_4741_6
12	P_4099_1
12	P_5860_3
12	P_1267_13
12	P_4099_3
12	P_6853_2
12	P_7417_8
12	6206
12	5629
12	56924
12	7045
12	4091
12	6237
12	3710
12	51692
12	402509
12	22858
12	29948
12	51389
12	10923
12	55800
12	55667
12	3423
12	57526
12	P_7301
12	2922
12	11151
12	64218
12	9590
12	54939
13	441034
13	6945
13	6491
13	64860
13	79873
13	23126
13	6193
13	25855
13	400963
13	91561
13	29082
13	81849
13	441246
13	26065
13	1854
13	63979
13	550
13	91833
13	652615
13	55795
13	4204
13	2825
13	1975
13	10845
13	4613
13	54726
13	3329
13	22835
13	3586
13	257415
13	57001
13	54811
13	23352
13	5550
13	730534
13	122786
13	2651
13	9647
13	27124
13	54938
13	21
13	80895
13	29944
13	10570
13	1159
13	6508
13	81542
13	4141
13	5204
13	2931
13	4292
13	1654
13	115201
13	P_23504
13	114789
13	54627
13	2898
13	10826
13	28999
13	2706
13	8723
13	26504
13	79192
13	154881
13	29920
13	8192
13	140809
13	2913
13	10804
13	23212
13	7205
13	3015
13	7779
13	1666
13	P_1778_6
13	P_1778_5
13	2801
13	P_1778_4
13	P_1778_3
13	P_1778_1
13	55269
13	2059
13	22928
13	84364
13	P_51031
13	650369
13	1523
13	54541
13	23764
13	169792
13	8812
13	4792
13	694
13	4718
13	9001
13	4820
13	6430
13	134957
13	11238
13	10466
13	P_387
13	1996
13	5591
13	6651
13	8434
13	2976
13	284370
13	55937
13	8460
13	55264
13	51076
13	11067
13	23095
13	10994
13	92999
13	127428
13	388115
13	6307
13	284656
13	P_1809
13	84079
13	1892
13	64343
13	P_4048
13	P_1917
13	114804
13	P_6717_1
13	5167
13	143884
13	9897
13	79095
13	7442
13	1660
13	55858
13	158471
13	6422
13	29904
13	374875
13	P_226_3
13	P_760_1
13	40
13	51123
13	55421
13	22998
13	P_7143_2
13	80345
13	23149
13	84872
13	10300
13	51474
13	9472
13	10318
13	116448
13	55502
13	P_7143_6
13	6938
13	9662
13	9839
13	P_3897
13	51555
13	51110
13	91752
13	23568
13	P_54205_2
13	P_1410_1
13	P_1267_1
13	P_4741_4
13	P_9118_9
13	P_4744_1
13	P_9118_5
13	P_5860_4
13	P_1267_12
13	P_4099_2
13	pro_TUBB4_INVYYNEATGGNYVPR
13	646531
13	84333
13	648343
13	988
13	404093
13	11039
13	9332
13	302
13	64285
13	3397
13	8291
13	5520
13	91582
13	6810
13	11311
13	6895
13	29799
13	1454
13	P_213_9
13	26471
13	220164
13	6497
13	P_11151
13	10522
13	P_9590
14	4736
14	4150
14	57567
14	1763
14	401218
14	6209
14	389435
14	6155
14	346950
14	7464
14	8544
14	3344
14	10625
14	377
14	154043
14	51309
14	22993
14	25764
14	64083
14	149420
14	23417
14	7296
14	375484
14	23065
14	84159
14	P_3329_9
14	P_3329_8
14	P_3329_7
14	P_3329_6
14	P_3329_5
14	P_3329_4
14	P_3329_3
14	P_3329_2
14	P_3329_1
14	51186
14	6715
14	7181
14	5701
14	54820
14	51501
14	2287
14	7707
14	58499
14	23506
14	10970
14	5428
14	P_23352
14	P_5550
14	23335
14	4135
14	3550
14	388275
14	10897
14	8574
14	55527
14	79714
14	7319
14	8045
14	80755
14	9848
14	50632
14	7358
14	64756
14	P_10570
14	P_1159_4
14	P_1159_3
14	P_1159_2
14	P_1159_1
14	3665
14	7407
14	P_1159_7
14	P_1159_6
14	P_1159_5
14	8637
14	81887
14	26224
14	29980
14	1844
14	6515
14	9585
14	5682
14	5920
14	80199
14	127687
14	401303
14	6443
14	3953
14	5730
14	2762
14	1381
14	55244
14	55133
14	6428
14	23235
14	58487
14	84955
14	169714
14	6747
14	55163
14	961
14	4259
14	57153
14	10791
14	2064
14	30008
14	5360
14	23541
14	1376
14	64072
14	183
14	3621
14	P_2768
14	P_3418_1
14	55217
14	6018
14	4124
14	P_56474
14	4067
14	29107
14	22856
14	219988
14	3720
14	8517
14	5501
14	7422
14	2532
14	10797
14	731314
14	9766
14	51128
14	7994
14	64651
14	5094
14	9338
14	57689
14	8624
14	80823
14	54058
14	7574
14	54765
14	8550
14	55214
14	85360
14	5627
14	9413
14	66008
14	2745
14	5880
14	444
14	4708
14	653381
14	9265
14	4176
14	22846
14	58505
14	28966
14	4734
14	P_1892_2
14	P_1892_1
14	2254
14	26092
14	255252
14	2185
14	8440
14	8079
14	5864
14	10935
14	6626
14	8535
14	54617
14	1155
14	22879
14	8555
14	2065
14	90362
14	8301
14	119392
14	83700
14	8458
14	P_55421
14	8537
14	94104
14	4296
14	9735
14	29903
14	8985
14	54707
14	131408
14	29
14	55741
14	10015
14	54386
14	125476
14	388753
14	5738
14	1558
14	10215
14	P_9927_1
14	11177
14	8208
14	84191
14	84129
14	1573
14	3421
14	3977
14	23646
14	5090
14	7073
14	80331
14	7514
14	4090
14	23242
14	120526
14	23258
14	P_5576
14	3149
14	57403
14	pro_TTC9A_HUMAN_GQVGAAAEPAELIR
14	P_11240_1
14	P_873_6
14	P_6853_3
14	P_4747_7
14	P_3069
14	P_5414_2
14	P_60484_1
14	P_1267_4
14	P_506_9
14	P_4747_10
14	P_5860_2
14	P_1267_7
14	pro_TUBB4_MAATFIGNSTAIQELFK
14	389289
14	4089
14	8540
14	284131
14	23029
14	473
14	55732
14	728499
14	54207
14	728411
14	84277
14	231
14	49854
14	10548
14	P_4726
14	10899
14	10766
14	84329
15	254863
15	124961
15	1153
15	10869
15	440733
15	26071
15	6125
15	731096
15	6171
15	25878
15	5371
15	280636
15	4756
15	79571
15	55709
15	79068
15	22820
15	4790
15	10617
15	399694
15	650339
15	65062
15	6015
15	7620
15	339879
15	6693
15	54756
15	9966
15	7516
15	8930
15	1138
15	57631
15	6666
15	55625
15	10109
15	10919
15	4582
15	P_539_1
15	P_80781
15	P_6812_3
15	pro_H2A1_HUMAN_NDEELNK
15	5884
15	22986
15	23582
15	11182
15	51013
15	515
15	5128
15	64840
15	5610
15	740
15	10771
15	164832
15	2071
15	2135
15	P_4135_3
15	P_4135_2
15	P_4135_1
15	284129
15	1368
15	389674
15	96764
15	29085
15	4660
15	89796
15	6499
15	10939
15	5613
15	652730
15	6584
15	80896
15	115265
15	56987
15	57576
15	2563
15	56341
15	P_4191_10
15	P_2806_4
15	P_63827_5
15	80764
15	3489
15	7342
15	790
15	7756
15	4234
15	205564
15	1837
15	6302
15	83605
15	55004
15	56901
15	P_5730_2
15	P_5730_1
15	4925
15	23213
15	23394
15	150094
15	7123
15	445
15	1382
15	114984
15	7412
15	23247
15	4739
15	1832
15	8654
15	652
15	7543
15	11273
15	4967
15	824
15	78994
15	112858
15	9170
15	221476
15	27111
15	P_4259
15	55890
15	84706
15	220074
15	27147
15	84986
15	389
15	23116
15	716
15	4343
15	4192
15	2184
15	5625
15	9185
15	63901
15	65975
15	7078
15	55198
15	51373
15	5333
15	116173
15	162979
15	5348
15	95
15	10628
15	118491
15	10384
15	3313
15	651309
15	9044
15	388662
15	414
15	23379
15	P_2597_7
15	341457
15	650
15	56647
15	23512
15	26271
15	6257
15	4303
15	5753
15	4035
15	56980
15	50863
15	645385
15	129807
15	388585
15	197259
15	51315
15	865
15	26009
15	65260
15	4133
15	1428
15	81575
15	2969
15	P_5094_2
15	P_5094_1
15	113444
15	113829
15	5685
15	3914
15	5080
15	283212
15	10274
15	64135
15	9314
15	6503
15	8337
15	6280
15	pro_HNRPA2B1_GGGGNFGPGPGSNFR
15	51081
15	112869
15	80829
15	80205
15	7139
15	1040
15	6423
15	11147
15	29907
15	11104
15	P_5864_3
15	P_5864_2
15	P_5864_1
15	5878
15	51506
15	P_10935_3
15	P_10935_2
15	P_10935_1
15	23039
15	1627
15	25932
15	285908
15	80772
15	P_8301
15	51028
15	57461
15	4793
15	1069
15	26259
15	4430
15	55829
15	10165
15	402694
15	51073
15	340533
15	196528
15	128869
15	5594
15	85021
15	65078
15	84307
15	24146
15	113878
15	57819
15	P_29
15	85352
15	51545
15	103910
15	10367
15	11122
15	63876
15	51163
15	114299
15	P_5010
15	1994
15	51752
15	129401
15	9984
15	221037
15	126003
15	8933
15	50628
15	23499
15	53826
15	142
15	6883
15	26054
15	55166
15	P_80331
15	53
15	57406
15	51088
15	8878
15	P_4747_6
15	P_6622
15	9935
15	80851
15	3606
15	P_220296_3
15	8309
15	P_4741_2
15	P_10007
15	P_5413_3
15	P_4747_11
15	P_1808_16
15	P_80086
15	6817
15	1459
15	27244
15	9759
15	6399
15	3480
15	P_231_4
15	P_231_3
15	P_231_2
15	P_231_1
15	26353
16	3667
16	353
16	55342
16	4636
16	26061
16	196463
16	79921
16	10623
16	23409
16	93210
16	91647
16	79145
16	55756
16	54522
16	79091
16	8824
16	51272
16	6143
16	728481
16	23438
16	51652
16	51161
16	1998
16	10126
16	399665
16	4974
16	6653
16	57701
16	81035
16	27106
16	2956
16	11278
16	2678
16	55033
16	26258
16	132946
16	5797
16	9685
16	56165
16	84765
16	54933
16	648852
16	2204
16	84061
16	56203
16	648059
16	7314
16	54799
16	P_2747_2
16	P_100129518_1
16	P_6271_1
16	P_22948_1
16	55585
16	11103
16	4931
16	51747
16	6468
16	65992
16	23173
16	P_515_2
16	4580
16	7520
16	P_515_3
16	8834
16	2030
16	255967
16	9139
16	5337
16	8349
16	2037
16	84669
16	79803
16	9266
16	55745
16	58191
16	6277
16	84418
16	4166
16	84466
16	9605
16	10269
16	P_255626
16	P_3418_3
16	81846
16	57647
16	4856
16	91607
16	116328
16	63892
16	2846
16	91526
16	P_2923_2
16	64423
16	116988
16	2794
16	10671
16	P_2947_2
16	28987
16	2796
16	6853
16	403
16	pro_TUBB4_EAESCDCLQGFQLTHSLGGGTGSGMGTLLISK
16	2787
16	83716
16	112464
16	3910
16	5582
16	9913
16	9749
16	131601
16	64283
16	6926
16	4641
16	2296
16	93099
16	3778
16	115353
16	57132
16	7851
16	22830
16	P_4967_1
16	P_4967_2
16	51196
16	26227
16	124801
16	P_975_2
16	1879
16	126393
16	5919
16	5274
16	2697
16	219
16	9232
16	6474
16	2023
16	4722
16	5396
16	710
16	5226
16	1113
16	642017
16	25842
16	4281
16	85315
16	1605
16	6662
16	200030
16	55268
16	392
16	199692
16	51673
16	84928
16	340371
16	94
16	8424
16	81618
16	P_3313_4
16	P_3313_3
16	P_3313_2
16	P_3313_1
16	10890
16	133619
16	576
16	5798
16	147657
16	P_2806_3
16	pro_PKM2_TATESFASDPILYRPVAVALDTK
16	283991
16	8481
16	54700
16	148523
16	2735
16	1182
16	P_4133_7
16	468
16	P_4133_6
16	P_4133_5
16	P_4133_4
16	P_4133_3
16	P_4133_2
16	P_4133_1
16	283455
16	8672
16	5451
16	P_4133_9
16	P_4133_8
16	P_1428_2
16	P_1428_1
16	51585
16	7145
16	400745
16	10745
16	84309
16	4758
16	9213
16	51005
16	51374
16	51292
16	3338
16	4097
16	88
16	54842
16	1911
16	6297
16	57326
16	79447
16	8934
16	10365
16	340061
16	83706
16	8338
16	10422
16	10290
16	78992
16	29091
16	25853
16	146378
16	2995
16	10434
16	23435
16	51136
16	23062
16	64764
16	10612
16	3241
16	140465
16	85451
16	55521
16	31
16	55254
16	2000
16	6776
16	57468
16	9355
16	813
16	65095
16	1022
16	58515
16	P_5594
16	9242
16	55079
16	3475
16	11344
16	64121
16	83607
16	2091
16	9203
16	2057
16	4802
16	55245
16	79979
16	23355
16	116225
16	51621
16	pro_PLEC1_QLLSPGTALILLEAQAASGFLLDPVR
16	726
16	124790
16	53822
16	5692
16	10307
16	8943
16	125111
16	5160
16	147
16	25904
16	158763
16	440138
16	3292
16	P_9118_11
16	pro_TUBB4_AVLVDLEPGTMDSVR
16	P_6854_1
16	P_10540_2
16	8556
16	2139
16	5378
16	P_4747_5
16	P_873_1
16	P_4747_4
16	P_9118_4
16	P_4747_3
16	P_9118_1
16	P_4744_2
16	P_2664_8
16	pro_PKM2_GDLGIEIPAEK
16	P_6817
16	29883
16	23786
16	P_114134
16	P_3098_4
17	54468
17	406
17	60559
17	29886
17	64718
17	6628
17	5393
17	51654
17	10894
17	5567
17	6742
17	8974
17	25987
17	55727
17	23019
17	5859
17	7158
17	221120
17	901
17	80304
17	7753
17	54496
17	414328
17	26511
17	381
17	8664
17	8520
17	23166
17	7376
17	10903
17	57556
17	57609
17	79643
17	123688
17	1012
17	4898
17	54545
17	23215
17	117155
17	374928
17	56127
17	285605
17	9208
17	79157
17	400866
17	P_7143_9
17	78988
17	11138
17	P_6888
17	P_9868_1
17	5720
17	25
17	80308
17	9380
17	222234
17	5257
17	11098
17	P_292_1
17	P_7417_7
17	P_6507_2
17	P_7417_1
17	P_10632_2
17	P_10632_1
17	P_3098_5
17	P_3098_3
17	P_51079_2
17	57634
17	6548
17	7275
17	80148
17	3597
17	58475
17	51522
17	285268
17	1741
17	9499
17	25934
17	23113
17	55785
17	284615
17	10653
17	3298
17	238
17	122622
17	pro_C15orf51_NLVDSYMAIVNK
17	7105
17	2669
17	3487
17	654194
17	pro_PKM2_AEGSDVANAVLDGADCIMLSGETAK
17	788
17	9181
17	10171
17	58189
17	P_2794
17	83941
17	2039
17	P_6853_15
17	P_6853_9
17	P_6853_14
17	P_6853_8
17	P_6853_13
17	P_6853_7
17	P_6853_12
17	1759
17	P_6853_6
17	79180
17	P_6853_11
17	P_6853_5
17	P_6853_10
17	P_6853_4
17	P_6853_1
17	22924
17	138311
17	3028
17	10266
17	79671
17	389125
17	55841
17	57497
17	11095
17	8715
17	285971
17	7517
17	2619
17	80745
17	148170
17	1545
17	6638
17	47
17	84759
17	3075
17	84946
17	22854
17	P_26227_3
17	112937
17	P_26227_2
17	P_26227_1
17	29968
17	P_26227_4
17	493
17	9423
17	10769
17	10461
17	51053
17	57678
17	9588
17	2239
17	361
17	6293
17	55131
17	126432
17	6663
17	55796
17	6449
17	2961
17	222008
17	10494
17	5950
17	57222
17	347376
17	6629
17	9275
17	pro_HBA_HUMAN_MFLSFPTTK
17	27107
17	401236
17	55611
17	3017
17	P_213_7
17	P_2023_1
17	P_2023_10
17	P_2023_9
17	P_2023_8
17	P_2023_7
17	P_2023_6
17	P_2023_5
17	P_2023_4
17	P_2023_3
17	P_2023_2
17	133
17	6840
17	7076
17	160335
17	5260
17	P_5226_2
17	P_5226_1
17	145773
17	200895
17	57480
17	587
17	9516
17	51659
17	8821
17	3956
17	65082
17	P_10890
17	23492
17	5195
17	112703
17	80176
17	54874
17	402
17	389816
17	23221
17	8140
17	8829
17	25989
17	285800
17	84298
17	10207
17	55628
17	79886
17	1947
17	9092
17	3238
17	84803
17	27301
17	10971
17	pro_FAM62B_RQDLEVEVR
17	79893
17	1394
17	963
17	85369
17	55274
17	3788
17	10391
17	10489
17	P_9900_2
17	460
17	1063
17	2710
17	91
17	51141
17	55638
17	10075
17	140885
17	140901
17	22838
17	124637
17	57134
17	201163
17	202559
17	51062
17	113178
17	645
17	9406
17	8988
17	57172
17	84261
17	80115
17	79080
17	887
17	825
17	83464
17	55315
17	8798
17	80019
17	151188
17	4330
17	7026
17	26751
17	285282
17	171017
17	27239
17	112398
17	10712
17	904
17	8877
17	89790
17	4145
17	9705
17	7798
17	2550
17	342977
17	2166
17	220213
17	51035
17	9781
17	P_5160_2
17	P_5160_1
17	3384
17	P_6854_3
17	P_9114_3
17	P_6711_21
17	7088
17	P_4741_3
17	pro_SKP1A_VDQGTLFELILAANYLDIK
17	P_1410_3
17	P_873_5
17	P_9118_6
17	P_391
17	P_26052_2
17	23074
17	5464
17	3736
18	64225
18	23530
18	8815
18	10910
18	P_6628
18	24140
18	6389
18	22822
18	642817
18	27258
18	8697
18	57214
18	79600
18	58508
18	51281
18	883
18	6432
18	29889
18	64145
18	9023
18	9656
18	135
18	10327
18	54665
18	57708
18	28231
18	124944
18	83694
18	63905
18	29906
18	57192
18	79056
18	643287
18	7109
18	116362
18	23020
18	5898
18	388621
18	60592
18	139341
18	10038
18	27250
18	5528
18	10589
18	79595
18	23301
18	9736
18	145482
18	90987
18	374986
18	158399
18	653419
18	9729
18	440704
18	8396
18	80264
18	9747
18	1019
18	26045
18	64747
18	P_476_4
18	P_23530_2
18	P_51079_1
18	P_6507_3
18	P_7417_2
18	P_1347_2
18	P_6904
18	84272
18	348938
18	79602
18	23295
18	55552
18	5253
18	643452
18	79894
18	220382
18	9946
18	124491
18	51025
18	146542
18	375
18	23172
18	389337
18	4673
18	11340
18	155061
18	116071
18	4139
18	55119
18	163590
18	56339
18	146433
18	57185
18	143888
18	4299
18	54875
18	118813
18	5208
18	55810
18	23400
18	3098
18	P_7417_5
18	9796
18	899
18	115825
18	102
18	23017
18	P_1759_9
18	P_1759_8
18	P_1759_7
18	P_1759_12
18	P_1759_6
18	P_1759_11
18	P_1759_5
18	P_1759_10
18	P_1759_4
18	P_1759_3
18	P_1759_2
18	P_1759_1
18	57030
18	P_6854_4
18	P_5530_1
18	P_63908_4
18	23309
18	P_22924
18	9066
18	57493
18	55216
18	5891
18	9099
18	8682
18	58527
18	2317
18	29101
18	10140
18	51804
18	9480
18	63897
18	6624
18	116496
18	80223
18	64755
18	23597
18	4958
18	pro_ILMN_1652431_VLDALQAIK
18	2327
18	pro_UBE1_NEEDAAELVALAQAVNAR
18	1465
18	P_29968
18	131583
18	4784
18	7259
18	64081
18	10046
18	14
18	1659
18	4853
18	83478
18	80723
18	6563
18	10418
18	P_9588_6
18	P_9588_5
18	P_9588_4
18	P_9588_3
18	P_9588_2
18	P_9588_1
18	6450
18	P_9588_7
18	P_361
18	11149
18	51114
18	93587
18	54840
18	80306
18	6494
18	254778
18	P_3043_2
18	P_3043_7
18	P_7143_8
18	P_55611
18	283848
18	10219
18	8365
18	9477
18	90121
18	P_5372
18	P_2027_1
18	P_6812_12
18	P_4137_2
18	P_23406_2
18	P_5223_4
18	P_2026_5
18	P_160287
18	P_2782_9
18	pro_PKM2_ITLDNAYMEK
18	P_226_11
18	pro_PKM2_LDIDSPPITAR
18	123
18	5329
18	1730
18	83667
18	7431
18	55062
18	9536
18	3430
18	23236
18	8382
18	pro_PKM2_RFDEILEASDGIMVAR
18	26995
18	842
18	84886
18	5216
18	55766
18	282809
18	64137
18	5007
18	P_3956_5
18	P_3956_4
18	P_3956_3
18	P_3956_2
18	P_3956_1
18	P_1272_2
18	58506
18	23154
18	9341
18	10410
18	3927
18	9987
18	23099
18	440055
18	79088
18	8110
18	55758
18	23210
18	P_10971
18	P_59345
18	80124
18	347731
18	1296
18	P_22824
18	347273
18	131118
18	5089
18	56254
18	84206
18	818
18	90025
18	P_140885_2
18	P_140885_1
18	644634
18	P_140885_3
18	4000
18	4779
18	7988
18	91010
18	53944
18	6586
18	8499
18	3094
18	55011
18	5475
18	7432
18	5999
18	P_7143_3
18	2941
18	54536
18	9670
18	8605
18	1716
18	4833
18	55849
18	1875
18	121642
18	9126
18	57644
18	7841
18	50614
18	8911
18	11189
18	28955
18	51167
18	11260
18	3146
18	8908
18	2580
18	2675
18	404037
18	3787
18	147339
18	2274
18	2017
18	5588
18	55291
18	1876
18	158234
18	4803
18	114782
18	1845
18	P_2805_3
18	1003
18	P_9118_10
18	P_9118_7
18	P_7384_3
18	P_2036
19	P_23530_4
19	P_23530_3
19	P_23530_1
19	55339
19	P_6389_2
19	P_6389_1
19	7025
19	645436
19	23092
19	79717
19	83443
19	79887
19	2487
19	6419
19	10717
19	1655
19	79174
19	2992
19	4147
19	56937
19	8321
19	84105
19	57730
19	5140
19	9381
19	57232
19	7453
19	10328
19	25871
19	79228
19	84549
19	388237
19	27005
19	2101
19	10524
19	51614
19	84932
19	2615
19	79872
19	30968
19	93627
19	83877
19	5271
19	63893
19	731640
19	11051
19	8634
19	64754
19	256714
19	10488
19	3708
19	219844
19	55717
19	26279
19	80224
19	92126
19	641737
19	57107
19	653086
19	124995
19	88455
19	9404
19	P_2775_4
19	P_152100_8
19	P_478_7
19	P_220296_2
19	8772
19	8417
19	23109
19	10868
19	6414
19	5977
19	29116
19	196410
19	10245
19	8677
19	60468
19	57472
19	84991
19	84260
19	10238
19	91746
19	84271
19	9444
19	760
19	pro_HNRPA1L_2_IFVGGIKEDTEEHHLR
19	P_375_2
19	P_375_1
19	26225
19	10644
19	7087
19	146923
19	23303
19	23108
19	5338
19	4862
19	114781
19	26056
19	1008
19	55294
19	23097
19	84188
19	6903
19	91522
19	5298
19	8175
19	3159
19	P_3098_9
19	P_3098_8
19	P_3098_7
19	P_3098_6
19	P_3098_2
19	P_3098_1
19	210
19	P_3098_11
19	P_3098_10
19	85442
19	23192
19	7337
19	54861
19	130535
19	9806
19	9892
19	7764
19	P_63893_1
19	29888
19	8263
19	112939
19	5867
19	P_8682_3
19	P_8682_2
19	P_8682_1
19	85458
19	10254
19	2632
19	6749
19	P_6624_4
19	P_6624_3
19	P_6624_2
19	P_6624_1
19	pro_ILMN_1652431_HDTSLKPISVSYNPATAK
19	3336
19	64419
19	P_1465_4
19	P_1465_3
19	22901
19	P_1465_2
19	P_1465_1
19	28964
19	5606
19	65109
19	51234
19	10867
19	63035
19	81
19	56949
19	7325
19	57795
19	79605
19	3097
19	10278
19	5236
19	429
19	P_5581
19	P_3315_3
19	23469
19	3320
19	4099
19	6888
19	2770
19	81619
19	P_3043_3
19	P_213_19
19	pro_HBA_HUMAN_VADALTNAVAHVDDMPNALSALSDLHAHK
19	P_3045_2
19	P_3043_8
19	pro_HBA_HUMAN_VGAHAGEYGAEALER
19	P_3043_4
19	P_3045_1
19	P_3043_6
19	55969
19	58500
19	57171
19	P_60_10
19	P_396_1
19	P_7167_4
19	P_3945_2
19	P_2782_6
19	P_6709_7
19	P_9118_2
19	P_226_9
19	P_11076_1
19	P_7280_16
19	P_6711_10
19	P_7167_5
19	P_4137_3
19	pro_PKM2_NTGIICTIGPASR
19	1850
19	9757
19	P_7431_1
19	P_7431_5
19	P_7431_4
19	P_7431_3
19	P_7431_2
19	170302
19	P_23236_2
19	P_23236_1
19	11145
19	51133
19	780
19	8546
19	P_5216
19	92370
19	56666
19	55281
19	55850
19	P_4735_1
19	80213
19	P_23154_6
19	P_23154_5
19	P_23154_4
19	2036
19	P_23154_3
19	P_23154_2
19	P_23154_1
19	23096
19	6553
19	9650
19	775
19	80758
19	715
19	10581
19	9961
19	27173
19	P_3927
19	50512
19	54886
19	57120
19	79913
19	P_6812_8
19	P_3418_6
19	P_818_2
19	P_818_1
19	1009
19	340526
19	23234
19	P_2775_6
19	P_3094_2
19	10289
19	81689
19	P_3094_1
19	81892
19	8437
19	9479
19	79639
19	23769
19	1690
19	412
19	9201
19	90161
19	57569
19	90523
19	147381
19	27012
19	81831
19	154790
19	5927
19	9162
19	441094
19	9131
19	2258
19	25901
19	1777
19	P_4719_1
19	P_1272_4
19	53405
19	6919
19	23593
19	9295
19	6612
19	23279
19	9343
19	160
19	8665
19	26024
19	58157
19	152503
19	23151
19	10523
19	9188
19	160418
19	81488
19	25953
19	6324
19	9118
19	23344
19	6330
19	2771
19	162494
19	8497
19	129285
19	93664
19	23199
19	4843
19	55577
19	57343
19	7010
19	2022
19	P_9118_12
19	P_9118_8
19	P_60_5
20	2935
20	8650
20	162989
20	55663
20	pro_H2A1_HUMAN_HLQLAIR
20	23522
20	3842
20	11077
20	3396
20	5876
20	646849
20	10319
20	8896
20	4239
20	6860
20	23621
20	26123
20	4487
20	P_1655
20	11186
20	11267
20	5375
20	51286
20	56704
20	3303
20	358
20	586
20	3608
20	P_30968
20	P_63893_2
20	79871
20	57050
20	23648
20	P_11051
20	2120
20	11001
20	55228
20	27429
20	10716
20	22884
20	152789
20	127733
20	23266
20	60493
20	79650
20	83541
20	29066
20	8675
20	221322
20	7813
20	136051
20	642947
20	27010
20	114785
20	81553
20	P_816_1
20	P_2775_1
20	P_2770_6
20	254263
20	23677
20	6610
20	65251
20	4215
20	84232
20	284988
20	79668
20	10168
20	51490
20	56910
20	490
20	8910
20	649970
20	55145
20	P_760_2
20	3959
20	9817
20	84735
20	6619
20	4122
20	64919
20	6191
20	26507
20	653764
20	4926
20	7879
20	79797
20	388692
20	64852
20	10273
20	P_226_7
20	P_210
20	50854
20	10376
20	8566
20	146691
20	P_9892_6
20	P_9892_5
20	P_9892_4
20	P_9892_3
20	P_9892_2
20	P_9892_1
20	56893
20	22871
20	26575
20	138046
20	10294
20	11075
20	P_4684_6
20	P_83481
20	P_29789
20	387644
20	29781
20	3755
20	P_3336_1
20	P_3336_3
20	P_3336_2
20	7818
20	254428
20	51150
20	54331
20	6154
20	55558
20	1762
20	27319
20	55295
20	92
20	2108
20	84133
20	84249
20	22875
20	146517
20	P_3320_6
20	P_3320_5
20	P_3320_4
20	P_3320_3
20	P_3320_2
20	P_3320_1
20	65125
20	7127
20	159195
20	25801
20	7298
20	6035
20	55839
20	9745
20	P_2770_5
20	P_2770_4
20	P_2770_3
20	P_2770_2
20	P_2770_1
20	P_57447_4
20	P_213_11
20	P_213_5
20	P_3043_9
20	P_7273
20	P_3043_1
20	pro_ILMN_1652431_ADGLAVIGVLMK
20	pro_HBA_HUMAN_TYFPHFDLSHGSAQVK
20	P_51805
20	P_100423062
20	P_23193
20	10283
20	P_60_1
20	P_2027_2
20	pro_PKM2_VNFAMNVGK
20	P_6812_6
20	P_60_11
20	P_6252_4
20	pro_PKM2_APIIAVTR
20	P_287_5
20	P_1915_6
20	P_2771_2
20	pro_PKM2_LNFSHGTHEYHAETIK
20	85358
20	222484
20	57610
20	P_23122
20	55249
20	51542
20	3092
20	6522
20	51280
20	25963
20	9826
20	64921
20	134492
20	94032
20	P_10314_2
20	P_58478
20	339122
20	57515
20	23171
20	6714
20	P_257194_2
20	6878
20	9937
20	151011
20	92140
20	8519
20	57520
20	64114
20	3669
20	10675
20	2584
20	1017
20	79188
20	3508
20	51631
20	pro_HS905_HUMAN_HIYYITGETK
20	P_7143_4
20	P_105372824_1
20	P_230_6
20	8228
20	P_476_5
20	P_1213_6
20	1861
20	28227
20	26232
20	P_118_1
20	440
20	6905
20	P_9201_2
20	P_9201_1
20	26031
20	23158
20	25830
20	22950
20	53346
20	4674
20	81533
20	8050
20	146760
20	613212
20	51491
20	57495
20	5800
20	10439
20	391
20	9110
20	3658
20	222865
20	9943
20	23306
20	7317
20	114049
20	P_160_5
20	P_160_4
20	P_160_3
20	P_160_2
20	P_160_1
20	P_160_6
20	1509
20	8313
20	339479
20	23416
20	201595
20	51018
20	10891
20	54913
20	219854
20	P_9118_14
20	P_9118_13
20	476
20	3354
20	P_9118_3
20	4354
20	P_2771_1
20	4174
20	6668
20	58190
20	151126
20	2016
20	90550
20	25788
20	8692
21	27257
21	55660
21	115207
21	7328
21	25897
21	7169
21	858
21	56884
21	221302
21	P_7277_2
21	373156
21	26018
21	55662
21	727800
21	342667
21	4900
21	148252
21	400916
21	10953
21	P_3303_5
21	P_3303_4
21	P_3303_3
21	P_3303_2
21	P_3303_1
21	91624
21	54107
21	64398
21	55972
21	9575
21	6712
21	140767
21	84851
21	23071
21	148741
21	8777
21	6925
21	5926
21	401002
21	56955
21	345757
21	7093
21	26953
21	6844
21	5725
21	645138
21	123879
21	64328
21	23246
21	9779
21	643466
21	441087
21	79027
21	645895
21	157657
21	126626
21	87178
21	23505
21	80319
21	4595
21	55610
21	P_81553
21	P_1213_32
21	P_476_3
21	P_23788
21	P_83452
21	P_2775_8
21	P_2821_4
21	P_7070_4
21	P_490_4
21	64748
21	344148
21	204
21	10146
21	51762
21	54681
21	10138
21	653496
21	730994
21	3516
21	84078
21	6944
21	10217
21	54876
21	80153
21	84936
21	2517
21	5721
21	55823
21	P_490_3
21	P_490_2
21	P_490_1
21	P_490_5
21	7570
21	113402
21	51368
21	2180
21	64834
21	146330
21	25914
21	3290
21	23168
21	9879
21	651436
21	646200
21	1729
21	57533
21	56261
21	4038
21	81603
21	6665
21	7374
21	22808
21	P_7879_2
21	P_7879_1
21	7265
21	79004
21	5347
21	P_10376_2
21	P_10376_1
21	23660
21	1431
21	9722
21	81565
21	25758
21	63982
21	1607
21	1740
21	54793
21	22920
21	394
21	10204
21	5569
21	6144
21	57535
21	P_2108_2
21	P_2108_1
21	6717
21	8905
21	23580
21	3930
21	360023
21	147463
21	51759
21	P_3845
21	90441
21	26064
21	5781
21	147929
21	284695
21	55224
21	656
21	23412
21	23052
21	23273
21	23387
21	55327
21	P_1173_1
21	P_213_18
21	P_213_17
21	P_213_14
21	P_213_6
21	pro_HBA_HUMAN_KVADALTNAVAHVDDMPNALSALSDLHAHK
21	pro_HBA_HUMAN_LLSHCLLVTLAAHLPAEFTPAVHASLDK
21	P_3043_5
21	P_646892
21	pro_IGHG1_HUMAN_STSGGTAALGCLVK
21	pro_HS.541913_TVAAPSVFIFPPSDEQLK
21	9869
21	P_60_2
21	P_60_8
21	P_60_3
21	P_7534_4
21	P_2747_1
21	P_87_6
21	P_4191_2
21	147687
21	P_3908
21	P_5660_2
21	9853
21	9762
21	158376
21	57680
21	55847
21	51093
21	642
21	51000
21	488
21	55845
21	pro_HNRPK_IILDLISESPIK
21	55827
21	1622
21	117178
21	387036
21	22859
21	4128
21	P_151011
21	23643
21	633
21	1026
21	P_230_4
21	P_6709_30
21	P_1072_2
21	P_10409_3
21	54862
21	P_26232
21	150946
21	3316
21	4719
21	56945
21	285613
21	441478
21	7443
21	27289
21	58495
21	79656
21	3376
21	79077
21	57221
21	9607
21	7220
21	55234
21	9202
21	10577
21	6195
21	8470
21	10351
21	22941
21	50865
21	113457
21	5934
21	1639
21	P_6711_9
21	P_1509_1
21	P_1509_4
21	P_1509_3
21	P_1509_2
21	57473
21	51466
21	55321
21	23093
21	8646
21	23413
21	8379
21	P_22948_2
21	124565
21	28957
21	10542
21	23067
21	8487
21	P_476_9
21	P_476_8
21	P_476_7
21	P_476_6
21	P_476_2
21	P_476_1
21	84916
21	10231
21	P_476_14
21	P_476_13
21	P_476_12
21	P_476_11
21	P_476_10
21	50650
21	81858
21	55964
21	51734
21	163404
21	10991
21	22849
21	23365
21	7920
22	9169
22	9392
22	23339
22	23043
22	9805
22	3491
22	57189
22	22821
22	26130
22	10758
22	8613
22	57088
22	808
22	81037
22	89890
22	55788
22	5082
22	1780
22	50814
22	P_6712
22	55783
22	P_213_4
22	254887
22	81502
22	10651
22	27090
22	23270
22	54413
22	55707
22	64221
22	7398
22	2743
22	55290
22	P_6844
22	9945
22	3636
22	5442
22	644284
22	79833
22	10081
22	196
22	400721
22	P_3945_5
22	pro_PTPLAD1_VELSDVQNPAISITENVLHFK
22	P_478_1
22	P_6855_1
22	P_7384_1
22	P_93185_2
22	1021
22	57026
22	64710
22	23479
22	4651
22	5469
22	5578
22	8314
22	29925
22	404216
22	310
22	374291
22	8939
22	595
22	491
22	6124
22	10252
22	9520
22	10474
22	5509
22	222068
22	3654
22	P_2670_15
22	P_4897_1
22	10735
22	5719
22	56259
22	10540
22	10907
22	81554
22	P_7280_12
22	P_7280_6
22	P_1431_4
22	P_1431_3
22	P_1431_2
22	P_1431_1
22	9378
22	7289
22	1951
22	57616
22	9228
22	7301
22	57711
22	10928
22	84634
22	6300
22	1893
22	P_6717_2
22	5270
22	80301
22	56262
22	80314
22	83660
22	84954
22	29994
22	2107
22	2592
22	114609
22	83940
22	55746
22	56951
22	51604
22	23
22	146227
22	54480
22	51619
22	9765
22	1207
22	8881
22	1164
22	5630
22	P_213_1
22	P_213_12
22	8412
22	10813
22	P_213_13
22	P_213_20
22	P_213_3
22	pro_IGHG1_HUMAN_TTPPVLDSDGSFFLYSK
22	pro_IGHG1_HUMAN_TPEVTCVVVDVSHEDPEVK
22	P_10940
22	P_10982_3
22	P_7529_4
22	P_2782_8
22	P_4191_3
22	P_271
22	154215
22	P_55847_3
22	P_55847_2
22	P_55847_1
22	4209
22	64745
22	1797
22	57648
22	730820
22	10606
22	10296
22	4905
22	652864
22	57835
22	P_1622_2
22	P_1622_1
22	55677
22	83596
22	56970
22	84971
22	3984
22	4055
22	51129
22	8326
22	P_4719_7
22	P_4719_6
22	P_4719_5
22	P_4719_4
22	P_4719_3
22	P_4719_2
22	59348
22	93611
22	2130
22	11056
22	79740
22	1571
22	5706
22	8813
22	9577
22	54856
22	6674
22	4267
22	2799
22	2519
22	5424
22	1495
22	P_5049
22	54899
22	23452
22	9844
22	143903
22	3777
22	644
22	7082
22	84790
22	54880
22	23451
22	84068
22	219539
22	2137
22	P_1639
22	10423
22	7322
22	84992
22	252995
22	26286
22	56204
22	2245
22	5662
22	11178
22	1838
22	79567
22	P_6709_34
22	26097
22	1810
22	7216
22	55862
22	55856
22	51247
22	51258
22	P_5223_3
22	P_80201
22	P_816_3
22	P_253559_2
22	P_6900_2
22	P_112755_5
22	P_292_8
22	P_481_5
22	P_112755_1
22	P_292_5
22	P_57142_2
22	114792
22	60685
22	63874
22	830
22	221545
22	55893
22	203547
22	P_11021
22	P_10409_2
22	pro_COX2_HUMAN_VVLPIEAPIR
22	P_152100_3
22	P_478_5
22	P_491_2
22	P_491_1
22	1016
22	P_55964
22	1268
22	84684
22	23767
22	79980
22	139285
22	54438
22	pro_PLEC1_YLQDLLAWVEENQHR
23	135114
23	55666
23	7323
23	55602
23	pro_PKM2_AEGSDVANAVLDGADCIMLSGETAKGDYPLEAVR
23	57620
23	P_9805_2
23	P_9805_1
23	492
23	644615
23	54625
23	8030
23	8266
23	5413
23	9825
23	23090
23	9717
23	1010
23	4170
23	55571
23	63906
23	84305
23	7008
23	401475
23	5805
23	10993
23	90050
23	1501
23	7159
23	158293
23	10810
23	93973
23	64763
23	4013
23	25942
23	55754
23	366
23	2122
23	5575
23	10969
23	28512
23	10325
23	7415
23	7336
23	55074
23	23654
23	P_54413
23	97
23	2917
23	5796
23	9382
23	27346
23	54516
23	25957
23	60677
23	23583
23	326
23	286354
23	81033
23	P_5910
23	P_57026
23	7770
23	P_5578_2
23	P_5578_1
23	84059
23	P_5578_3
23	9600
23	5612
23	9061
23	22827
23	P_374291
23	10067
23	P_9520_1
23	83891
23	P_9520_4
23	P_9520_3
23	P_9520_2
23	P_7415_5
23	663
23	398
23	65018
23	P_10540_1
23	51493
23	2554
23	P_6709_5
23	P_1808_9
23	P_7846_7
23	P_7280_11
23	23373
23	55715
23	2911
23	84630
23	55326
23	339451
23	81559
23	8927
23	8732
23	6595
23	22870
23	10905
23	8601
23	2262
23	2746
23	1909
23	P_83660
23	57486
23	1514
23	11168
23	10134
23	10898
23	79738
23	P_213_2
23	P_213_8
23	P_213_10
23	1613
23	P_7846_12
23	pro_TUBB4_INVYYNEATGGK
23	P_9868_3
23	P_226_1
23	2820
23	P_2026_8
23	P_87_1
23	P_27344
23	P_1212
23	P_5803
23	2742
23	23001
23	984
23	196515
23	5862
23	29028
23	222236
23	9400
23	10484
23	651816
23	55197
23	P_10606_2
23	P_10606_1
23	3839
23	9789
23	23312
23	P_4905_7
23	P_4905_5
23	P_4905_4
23	P_4905_3
23	P_4905_2
23	P_4905_1
23	3908
23	84515
23	401494
23	51460
23	64837
23	246330
23	5526
23	79035
23	1032
23	56943
23	8774
23	7430
23	pro_HNRPK_LLIHQSLAGGIIGVK
23	P_4685
23	64118
23	643284
23	60488
23	132
23	84313
23	5707
23	5372
23	10465
23	29068
23	50507
23	10048
23	8775
23	345630
23	154
23	23316
23	259230
23	5653
23	88745
23	10381
23	9310
23	23049
23	22889
23	10838
23	51637
23	P_1937
23	84457
23	9146
23	9445
23	51375
23	98
23	6451
23	8443
23	6687
23	653171
23	728564
23	84905
23	51528
23	5194
23	113246
23	84437
23	10159
23	P_2664_5
23	P_152100_4
23	84938
23	P_830_1
23	P_830_2
23	65083
23	P_477_3
23	P_10409_1
23	P_2775_2
23	P_2026_10
23	P_51552_1
23	78986
23	9791
23	1793
23	P_1400_2
23	284
24	P_135114
24	25996
24	3182
24	26960
24	P_492
24	669
24	166336
24	343990
24	51067
24	4836
24	P_5413_1
24	6752
24	79631
24	P_5413_5
24	P_5413_4
24	P_5413_2
24	10413
24	84456
24	150864
24	84270
24	55086
24	55182
24	64320
24	25776
24	51176
24	5335
24	3768
24	649095
24	7416
24	29087
24	114900
24	P_7415_2
24	P_7415_1
24	P_7415_4
24	P_7415_3
24	5901
24	3786
24	254170
24	54497
24	9189
24	2043
24	5291
24	2191
24	10938
24	130029
24	9675
24	84319
24	64417
24	139728
24	9053
24	285900
24	256536
24	123811
24	475
24	374882
24	1326
24	5708
24	26052
24	2806
24	51701
24	1114
24	P_7846_11
24	P_7846_5
24	P_100129518_2
24	P_7280_17
24	P_7280_15
24	P_7280_5
24	P_347733_2
24	56853
24	10473
24	7916
24	4534
24	51324
24	113201
24	1272
24	P_8927
24	144717
24	92104
24	P_2746_1
24	P_2746_4
24	9856
24	P_2746_3
24	P_2746_2
24	7060
24	8744
24	84959
24	6182
24	10961
24	51194
24	10452
24	P_2819
24	P_7345_5
24	P_5230_1
24	P_1915_5
24	P_498_11
24	P_7345_1
24	P_506_15
24	64324
24	1890
24	10206
24	P_5862_2
24	P_5862_1
24	3717
24	51566
24	8027
24	80128
24	120892
24	79934
24	27034
24	91289
24	56888
24	55320
24	3547
24	56984
24	4855
24	P_23312
24	22911
24	6857
24	6326
24	64768
24	P_5906
24	P_2747_3
24	23678
24	5476
24	10844
24	84262
24	57038
24	P_8774
24	7466
24	79701
24	P_7384_6
24	64645
24	6921
24	649821
24	6233
24	650276
24	2197
24	64928
24	9500
24	64855
24	P_5707
24	10667
24	149603
24	57643
24	84284
24	5631
24	7913
24	54910
24	6560
24	P_8775
24	80142
24	84978
24	P_10381_4
24	P_10381_3
24	P_10381_2
24	84900
24	P_10381_1
24	10383
24	8406
24	162
24	7283
24	P_10381_9
24	P_10381_8
24	P_10381_7
24	P_10381_6
24	P_10381_5
24	2354
24	55082
24	196441
24	57649
24	10726
24	57555
24	64746
24	148646
24	4720
24	1653
24	5099
24	3301
24	P_7277_3
24	29924
24	4774
24	84448
24	3295
24	112812
24	7881
25	9823
25	2395
25	8539
25	5173
25	388610
25	9104
25	3706
25	9890
25	4199
25	4026
25	134147
25	7049
25	57669
25	6386
25	90060
25	9816
25	1901
25	9927
25	63939
25	P_7416_7
25	6990
25	P_7416_4
25	P_7416_3
25	P_7416_2
25	55697
25	170261
25	2785
25	705
25	P_4131_4
25	P_829
25	P_5901
25	2888
25	253782
25	90865
25	117154
25	90634
25	134359
25	84181
25	29123
25	27297
25	3952
25	10495
25	54961
25	7039
25	575
25	80011
25	1355
25	51271
25	P_26052_1
25	27347
25	P_2806_8
25	P_2806_7
25	P_2806_6
25	P_2806_5
25	P_2806_2
25	P_2806_1
25	27075
25	8879
25	P_1114
25	P_7846_9
25	P_7846_6
25	P_7846_8
25	P_7280_10
25	pro_PKM2_AGKPVICATQMLESMIK
25	pro_TUBB4_YLTVAAVFR
25	55308
25	9724
25	55970
25	6935
25	55422
25	9276
25	P_5834_5
25	116224
25	P_1272_1
25	P_1272_7
25	P_1272_6
25	P_1272_5
25	P_1272_3
25	P_2747_4
25	3632
25	3815
25	2319
25	4728
25	51529
25	10550
25	P_7846_14
25	P_1808_20
25	P_2805_8
25	P_226_4
25	9311
25	P_5519_1
25	3422
25	4781
25	51130
25	6902
25	8202
25	8405
25	22803
25	7919
25	51022
25	pro_UBE1_SLVASLAEPDFVVTDFAK
25	2145
25	57396
25	P_8802
25	652675
25	P_5269
25	2677
25	2247
25	93436
25	8453
25	26273
25	10247
25	8936
25	221662
25	3727
25	4033
25	4131
25	84085
25	7423
25	P_6857_7
25	P_6857_6
25	P_6857_5
25	P_6857_4
25	P_6857_3
25	125950
25	P_6857_2
25	P_6857_1
25	130026
25	89927
25	378708
25	10163
25	10389
25	7587
25	P_54472
25	90231
25	6279
25	P_7385_4
25	5771
25	57630
25	51162
25	P_6233
25	126823
25	5824
25	P_292_10
25	10554
25	55651
25	9702
25	991
25	83475
25	26207
25	2582
25	7277
25	51642
25	P_162_2
25	P_162_1
25	94103
25	22800
25	10280
25	84342
25	P_1653
25	10402
25	6388
25	23130
25	55317
25	149448
25	3312
25	8724
25	2872
25	56061
25	9709
25	10567
25	84993
25	199
25	19
25	5153
25	5365
25	9854
25	80309
25	23057
25	4696
25	94241
25	219738
25	26039
26	64859
26	340529
26	6251
26	9219
26	202151
26	118429
26	374654
26	154796
26	P_9927_2
26	85456
26	192111
26	pro_NME2P1_GDFCIQVGR
26	pro_PAL4A_HUMAN_IIPGFMCQGGDFTR
26	8915
26	P_6900_1
26	P_3925_1
26	221074
26	2170
26	57580
26	55799
26	3131
26	5000
26	23209
26	9513
26	4200
26	1612
26	11159
26	5362
26	653103
26	10743
26	201164
26	84520
26	64793
26	347734
26	3916
26	9363
26	55190
26	23518
26	P_4723_3
26	P_4131_3
26	P_112755_2
26	57657
26	7486
26	54872
26	P_4728
26	64170
26	92703
26	7086
26	6158
26	27086
26	P_7280_8
26	P_9377_2
26	P_7167_3
26	P_1152_8
26	P_2783_4
26	P_203068_1
26	23272
26	5430
26	9711
26	54989
26	59286
26	11258
26	P_10247
26	P_8936
26	54914
26	25852
26	4236
26	54677
26	6047
26	84547
26	5833
26	730920
26	440160
26	P_4131_9
26	P_4131_7
26	P_4131_6
26	P_4131_5
26	4205
26	P_4131_2
26	P_4131_1
26	10927
26	P_4131_10
26	9754
26	643446
26	121053
26	54332
26	85300
26	6263
26	P_1073
26	5598
26	22918
26	4904
26	6812
26	84302
26	27013
26	4125
26	7257
26	P_29993_5
26	5063
26	2242
26	871
26	56654
26	155038
26	57572
26	6909
26	53834
26	57460
26	3685
26	391692
26	P_7277_5
26	P_7277_4
26	7781
26	P_7277_1
26	83986
26	80233
26	P_3312_3
26	P_3312_2
26	P_3312_1
26	P_3312_9
26	124583
26	P_3312_8
26	P_3312_7
26	P_3312_12
26	P_3312_6
26	P_3312_11
26	P_3312_5
26	P_3312_10
26	P_3312_4
26	81671
26	7090
26	51069
26	83931
26	5018
26	2542
26	8450
26	7266
26	51070
26	151835
26	5650
26	22999
26	8334
26	7737
27	7529
27	51655
27	51776
27	P_2823_1
27	55186
27	388969
27	64326
27	6567
27	4832
27	6881
27	90249
27	153561
27	81609
27	29998
27	54476
27	9922
27	4669
27	9211
27	54908
27	23590
27	P_1410_2
27	147906
27	P_7086_8
27	P_7086_7
27	P_7086_6
27	P_7086_5
27	P_7086_4
27	P_7086_3
27	P_7086_2
27	P_7086_1
27	56683
27	7343
27	10001
27	55627
27	22898
27	5792
27	84164
27	pro_HS905_HUMAN_HSQFIGYPITLFVEK
27	26267
27	26576
27	9783
27	9924
27	85364
27	6718
27	1629
27	P_5223_1
27	5693
27	291
27	90956
27	774
27	3631
27	81490
27	144108
27	401190
27	55705
27	54434
27	55607
27	22873
27	8825
27	59338
27	195814
27	79876
27	10718
27	4684
27	2892
27	23649
27	8678
27	23157
27	400
27	6733
27	79969
27	57154
27	11160
27	9948
27	10068
27	26122
27	7462
27	84947
27	P_6812_9
27	P_6812_7
27	P_6812_5
27	P_6812_4
27	P_6812_2
27	P_6812_1
27	5908
27	4201
27	P_6812_17
27	P_6812_16
27	P_6812_15
27	P_6812_14
27	P_6812_13
27	P_6812_11
27	P_6812_10
27	3326
27	9016
27	1593
27	117143
27	902
27	23102
27	10973
27	3268
27	9730
27	7280
27	65123
27	24142
27	2873
27	55072
27	10755
27	400890
27	2737
27	10139
27	51594
27	80349
27	2665
28	545
28	P_7529_5
28	P_7529_3
28	P_7529_2
28	P_7529_1
28	8148
28	644019
28	51293
28	126208
28	283987
28	1462
28	9710
28	29110
28	23774
28	84292
28	357
28	55869
28	10952
28	1948
28	4794
28	84864
28	132671
28	283248
28	5523
28	2648
28	6868
28	51335
28	P_291_2
28	P_291_1
28	10471
28	90379
28	79074
28	221496
28	23399
28	29902
28	57528
28	7182
28	10098
28	80059
28	171024
28	23613
28	8862
28	83595
28	6196
28	P_4684_5
28	P_4684_4
28	P_4684_3
28	P_4684_2
28	P_4684_1
28	54813
28	P_23157_2
28	140710
28	23404
28	60561
28	2893
28	4129
28	10630
28	P_5908
28	P_5834_1
28	P_3326_4
28	P_3326_3
28	P_3326_2
28	P_3326_1
28	P_3326_5
28	113802
28	4782
28	5634
28	133686
28	7189
28	P_7280_14
28	P_7280_13
28	P_7280_9
28	P_7280_7
28	P_7280_4
28	56604
28	P_7280_3
28	P_7280_2
28	P_7280_1
28	57659
28	23670
28	134510
28	11253
28	84286
28	22921
28	79033
28	1399
28	P_102724023
28	28972
28	P_2665
29	375323
29	P_1462_5
29	P_1462_4
29	P_1462_3
29	P_1462_2
29	P_1462_1
29	P_1462_6
29	1265
29	4297
29	158586
29	54778
29	10371
29	8900
29	55657
29	26249
29	6611
29	3735
29	25994
29	10152
29	91750
29	P_292_11
29	P_4697_2
29	29915
29	80279
29	9780
29	3267
29	23032
29	55450
29	79581
29	8722
29	55636
29	441124
29	5250
29	128637
29	23513
29	9564
29	400931
29	79640
29	64785
29	27230
29	273
29	54865
29	9665
29	6827
29	3655
29	57614
29	4189
29	P_526_5
29	7866
29	P_84617
29	P_203068_3
29	4860
29	10121
29	2189
29	54919
29	54932
29	25981
29	55168
29	57149
29	6811
29	11033
29	2521
29	10194
29	54920
30	84265
30	128553
30	1128
30	P_6285_1
30	pro_ILMN_2199439;
30	P_60484_2
30	28986
30	81876
30	3299
30	51406
30	9986
30	79169
30	10006
30	55670
30	P_6611
30	P_1213_15
30	P_4697_1
30	P_1808_7
30	P_478_6
30	P_481_6
30	P_292_6
30	P_1213_17
30	P_292_2
30	79646
30	32
30	51495
30	389856
30	6728
30	134549
30	10742
30	283989
30	80127
30	P_5250_3
30	P_5250_2
30	25979
30	P_5250_1
30	26003
30	58509
30	4952
30	219541
30	P_273_4
30	P_273_3
30	P_273_2
30	P_273_1
30	51306
30	113235
30	6199
30	9616
30	51377
30	23143
30	30011
30	P_10121_1
30	P_10121_2
30	58517
30	79885
30	11230
30	10902
30	25999
30	6415
30	8241
30	55700
30	29937
30	284058
30	57147
31	23229
31	7504
31	26580
31	pro_BAT3_LINLVGESLR
31	9240
31	9553
31	P_57447_3
31	P_1213_31
31	P_478_2
31	P_152100_2
31	84913
31	7709
31	80270
31	27249
31	P_966_1
31	P_815_5
31	P_5478
31	P_1327_2
31	P_112476
31	P_7167_13
31	P_7167_12
31	P_479_3
31	P_481_2
31	P_479_1
31	P_152100_5
31	7403
31	51278
31	64319
31	729776
31	3305
31	P_11230
31	9040
31	1408
31	30000
31	112476
31	57176
31	10227
31	6773
31	6482
31	8479
31	9931
31	731950
32	26468
32	2885
32	140890
32	9454
32	9296
32	7334
32	7410
32	54951
32	84896
32	P_213_15
32	P_292_9
32	P_481_7
32	125488
32	64342
32	P_3305_3
32	P_3305_2
32	P_3305_1
32	126299
32	4185
32	56904
32	6431
33	64061
33	9130
33	6929
33	27032
33	10799
33	91057
33	123169
33	P_1327_1
33	P_479_2
33	P_478_4
33	23203
33	23368
33	55738
33	54662
34	9220
34	6608
34	91942
34	P_1808_11
34	pro_PKM2_IYVDDGLISLQVK
34	P_525_3
34	P_292_7
34	P_6616_4
34	30815
34	79058
34	5980
34	9498
34	55759
34	64224
35	10411
35	84678
35	6885
35	1209
35	54977
35	84859
35	22994
35	10019
36	22878
36	51300
36	10043
37	26000
